-2.0089609985 0.0000000128
-1.8286639814 0.0000020407
-1.7651729946 0.0000259001
-1.7188516026 0.0000000035
-1.5938525562 0.0000011640
-1.5356493359 0.0000048295
-1.4698489075 0.0000007970
-1.4059145813 0.0000057612
-1.3704190617 0.0000001922
-1.3266580467 0.0000003562
-1.3072723513 0.0000033008
-1.2772131329 0.0000000024
-1.2552833920 0.0000000752
-1.2212431793 0.0000063498
-1.2086995010 0.0000028522
-1.1861092215 0.0000000007
-1.1687201624 0.0000037085
-1.1523460512 0.0000009101
-1.1362988119 0.0000000484
-1.1090796356 0.0000083663
-1.1024752026 0.0000018283
-1.0633713369 0.0000010001
-1.0525317554 0.0000000026
-1.0391627913 0.0000000109
-1.0207850103 0.0000011564
-1.0047704344 0.0000044523
-0.9943769937 0.0000038439
-0.9809578424 0.0000016045
-0.9759065275 0.0000010369
-0.9570241337 0.0000000784
-0.9355537062 0.0000023933
-0.9225789075 0.0000123604
-0.9104211693 0.0000008334
-0.8937450414 0.0000002481
-0.8832586770 0.0000028628
-0.8680600290 0.0000005623
-0.8614532714 0.0000014793
-0.8481950526 0.0000000833
-0.8415773277 0.0000000264
-0.8303680186 0.0000002616
-0.8200508718 0.0000044195
-0.8042928343 0.0000001503
-0.7943182354 0.0000000962
-0.7881056433 0.0000006907
-0.7798557048 0.0000029552
-0.7741075521 0.0000007064
-0.7688454752 0.0000000021
-0.7492893701 0.0000013654
-0.7415281301 0.0000000004
-0.7300103073 0.0000011446
-0.7222053175 0.0000031442
-0.7165045505 0.0000016217
-0.7108853822 0.0000000703
-0.6937301521 0.0000062916
-0.6850192313 0.0000011515
-0.6787379746 0.0000073836
-0.6707120900 0.0000053783
-0.6620633368 0.0000008606
-0.6510093575 0.0000014093
-0.6482572918 0.0000029312
-0.6427592998 0.0000033960
-0.6305469637 0.0000210272
-0.6264824634 0.0000090536
-0.6210732226 0.0000012413
-0.6112812524 0.0000000203
-0.6046695476 0.0000006294
-0.5967597728 0.0000005604
-0.5950033431 0.0000039622
-0.5891722803 0.0000012034
-0.5831838017 0.0000001619
-0.5785838728 0.0000010199
-0.5755463605 0.0000012218
-0.5709698563 0.0000004033
-0.5701583986 0.0000001612
-0.5557177429 0.0000054316
-0.5505407815 0.0000000839
-0.5489328866 0.0000045226
-0.5434468751 0.0000017468
-0.5373100405 0.0000008980
-0.5326771502 0.0000000790
-0.5283874636 0.0000015607
-0.5272549157 0.0000020061
-0.5212270384 0.0000006873
-0.5178931718 0.0000054159
-0.5132072930 0.0000063286
-0.5114101534 0.0000000243
-0.5045497780 0.0000054872
-0.5016723638 0.0000000040
-0.4987608557 0.0000008025
-0.4945586686 0.0000073549
-0.4879451756 0.0000005384
-0.4873997931 0.0000026133
-0.4824288850 0.0000006932
-0.4779411023 0.0000027886
-0.4766020243 0.0000003745
-0.4738317196 0.0000050580
-0.4729597037 0.0000048010
-0.4676045840 0.0000033012
-0.4661767249 0.0000044060
-0.4569310610 0.0000020433
-0.4553903704 0.0000006151
-0.4519075220 0.0000080736
-0.4503572052 0.0000016883
-0.4440124993 0.0000015812
-0.4406546121 0.0000014019
-0.4369426434 0.0000021910
-0.4347584014 0.0000000062
-0.4303146963 0.0000000238
-0.4253434603 0.0000050318
-0.4245741730 0.0000028266
-0.4230715101 0.0000044031
-0.4196284776 0.0000005940
-0.4194108014 0.0000029798
-0.4169727032 0.0000000091
-0.4119690125 0.0000012815
-0.4081265991 0.0000002582
-0.4056038325 0.0000021333
-0.4022628431 0.0000004856
-0.4016624157 0.0000029868
-0.4005621438 0.0000051340
-0.3972894316 0.0000052226
-0.3943026428 0.0000087047
-0.3904122477 0.0000163831
-0.3889031177 0.0000023697
-0.3851295774 0.0000009082
-0.3813825910 0.0000023884
-0.3792189722 0.0000000036
-0.3763043051 0.0000002585
-0.3758755689 0.0000012078
-0.3737424676 0.0000000096
-0.3706652586 0.0000001304
-0.3680056696 0.0000016342
-0.3670758371 0.0000031173
-0.3628358905 0.0000008937
-0.3602139418 0.0000001556
-0.3585935299 0.0000056519
-0.3576956754 0.0000043210
-0.3566076224 0.0000074633
-0.3535001640 0.0000009724
-0.3526093130 0.0000000048
-0.3512625759 0.0000002272
-0.3496393626 0.0000048854
-0.3473223214 0.0000010377
-0.3448565369 0.0000045103
-0.3443448310 0.0000110510
-0.3441656296 0.0000003927
-0.3430076604 0.0000083342
-0.3395725851 0.0000000154
-0.3385951285 0.0000000093
-0.3371368115 0.0000001338
-0.3333949809 0.0000018557
-0.3323314254 0.0000002248
-0.3314877515 0.0000038511
-0.3293109899 0.0000030516
-0.3283832734 0.0000012348
-0.3259268765 0.0000003931
-0.3251490657 0.0000001824
-0.3234444623 0.0000000111
-0.3229248886 0.0000004301
-0.3216293221 0.0000006936
-0.3209294741 0.0000006433
-0.3186676865 0.0000068864
-0.3148457770 0.0000000103
-0.3144526546 0.0000000570
-0.3130133216 0.0000003441
-0.3125720088 0.0000003371
-0.3108871047 0.0000013834
-0.3105197911 0.0000030215
-0.3103506629 0.0000054970
-0.3091079657 0.0000000320
-0.3081755702 0.0000010675
-0.3056555455 0.0000001818
-0.3053626781 0.0000058040
-0.3040636842 0.0000012894
-0.3028041189 0.0000011246
-0.3018801873 0.0000030505
-0.3016152446 0.0000000766
-0.2999313836 0.0000003902
-0.2988755171 0.0000037909
-0.2972364490 0.0000000353
-0.2966548865 0.0000038311
-0.2952358489 0.0000000705
-0.2949324315 0.0000050351
-0.2934775119 0.0000007746
-0.2912195687 0.0000150279
-0.2902109091 0.0000000003
-0.2887887125 0.0000041504
-0.2878807847 0.0000000276
-0.2861869996 0.0000000000
-0.2850413089 0.0000000005
-0.2838842039 0.0000096617
-0.2833960419 0.0000018835
-0.2827453082 0.0000004502
-0.2813405161 0.0000050731
-0.2809786563 0.0000007797
-0.2797911232 0.0000011312
-0.2780472105 0.0000000174
-0.2774377828 0.0000040365
-0.2754207318 0.0000081786
-0.2751778131 0.0000073722
-0.2741668289 0.0000000004
-0.2732670372 0.0000008515
-0.2719919448 0.0000028009
-0.2709718709 0.0000014224
-0.2708329027 0.0000003885
-0.2700241570 0.0000052004
-0.2684122686 0.0000002346
-0.2675499682 0.0000042417
-0.2666721110 0.0000000000
-0.2649712329 0.0000030010
-0.2644712095 0.0000002225
-0.2643659477 0.0000009867
-0.2635694807 0.0000000156
-0.2629675632 0.0000002510
-0.2624723380 0.0000006229
-0.2613063519 0.0000002170
-0.2604008083 0.0000043700
-0.2594839697 0.0000001214
-0.2585944896 0.0000065884
-0.2576698725 0.0000000005
-0.2569316094 0.0000020437
-0.2562051182 0.0000061884
-0.2559049790 0.0000046240
-0.2553724413 0.0000036614
-0.2550921504 0.0000141781
-0.2543192868 0.0000000155
-0.2538538342 0.0000141234
-0.2533111041 0.0000022013
-0.2526090209 0.0000041216
-0.2519620423 0.0000016233
-0.2517031794 0.0000101345
-0.2514206533 0.0000008711
-0.2502623563 0.0000009095
-0.2492345040 0.0000000322
-0.2485108440 0.0000002202
-0.2481624548 0.0000005791
-0.2477056448 0.0000006607
-0.2456418191 0.0000106009
-0.2450206791 0.0000010247
-0.2446517115 0.0000016460
-0.2444938784 0.0000000612
-0.2438664948 0.0000034972
-0.2432558303 0.0000006087
-0.2429239069 0.0000029910
-0.2418709164 0.0000007575
-0.2415961241 0.0000012906
-0.2405852740 0.0000006451
-0.2399349724 0.0000070746
-0.2395176207 0.0000000032
-0.2388792549 0.0000006054
-0.2384966229 0.0000000032
-0.2379018878 0.0000002429
-0.2374892895 0.0000000296
-0.2370340143 0.0000001174
-0.2364017432 0.0000003580
-0.2356051867 0.0000032848
-0.2353096818 0.0000005207
-0.2348150973 0.0000035770
-0.2343766158 0.0000001139
-0.2337830131 0.0000009409
-0.2335637425 0.0000010974
-0.2326594805 0.0000006817
-0.2324217026 0.0000000012
-0.2321722721 0.0000001499
-0.2319645499 0.0000000120
-0.2310182070 0.0000012442
-0.2303438698 0.0000018056
-0.2299231802 0.0000030748
-0.2294597839 0.0000067281
-0.2293688272 0.0000010281
-0.2288817381 0.0000000427
-0.2284638499 0.0000005308
-0.2280238335 0.0000010407
-0.2272082930 0.0000006686
-0.2267055129 0.0000047263
-0.2263805037 0.0000032249
-0.2260403996 0.0000019699
-0.2250535403 0.0000000769
-0.2250275676 0.0000017192
-0.2246964638 0.0000043940
-0.2243172293 0.0000008113
-0.2235111361 0.0000056498
-0.2232826267 0.0000005439
-0.2229562019 0.0000124978
-0.2226332788 0.0000001982
-0.2220949744 0.0000107765
-0.2215960239 0.0000029722
-0.2211568122 0.0000000671
-0.2207481776 0.0000004691
-0.2202395116 0.0000017253
-0.2195980762 0.0000068510
-0.2189514701 0.0000000300
-0.2188298618 0.0000000104
-0.2182579105 0.0000007279
-0.2178387110 0.0000094848
-0.2174144750 0.0000026042
-0.2172511284 0.0000049491
-0.2163110291 0.0000004726
-0.2161553566 0.0000124143
-0.2155495201 0.0000098502
-0.2153676217 0.0000024811
-0.2146427696 0.0000001745
-0.2144436156 0.0000071961
-0.2141277705 0.0000107895
-0.2136684273 0.0000001742
-0.2128746723 0.0000023015
-0.2128386115 0.0000023766
-0.2124022161 0.0000004993
-0.2118074064 0.0000012843
-0.2115234797 0.0000018937
-0.2110071545 0.0000007355
-0.2105210786 0.0000002079
-0.2101589506 0.0000016045
-0.2098120664 0.0000005688
-0.2094111358 0.0000110417
-0.2088582580 0.0000015295
-0.2085716789 0.0000007532
-0.2082999264 0.0000000820
-0.2078227167 0.0000003116
-0.2075444375 0.0000143510
-0.2070019310 0.0000017044
-0.2066811239 0.0000003972
-0.2060688202 0.0000001139
-0.2056618546 0.0000029951
-0.2051445906 0.0000013547
-0.2048314576 0.0000003650
-0.2044957941 0.0000020756
-0.2043570493 0.0000059426
-0.2040472989 0.0000002001
-0.2037779157 0.0000004424
-0.2033676271 0.0000010205
-0.2030423795 0.0000009202
-0.2028596466 0.0000016847
-0.2023877566 0.0000001196
-0.2021602904 0.0000027064
-0.2016396140 0.0000032113
-0.2015003179 0.0000155274
-0.2009488707 0.0000040425
-0.2007084702 0.0000005688
-0.2003399198 0.0000024415
-0.2000348036 0.0000030975
-0.1993558024 0.0000000178
-0.1991763924 0.0000011404
-0.1988073801 0.0000000035
-0.1987095242 0.0000005463
-0.1982709383 0.0000006677
-0.1979768937 0.0000039846
-0.1978443180 0.0000005036
-0.1973262196 0.0000023006
-0.1969627951 0.0000043226
-0.1966193383 0.0000001282
-0.1963709955 0.0000000532
-0.1958709275 0.0000000048
-0.1956887757 0.0000014630
-0.1954494928 0.0000001045
-0.1952181076 0.0000019086
-0.1948679154 0.0000034900
-0.1947305267 0.0000059040
-0.1944390600 0.0000035910
-0.1940545057 0.0000000362
-0.1939424192 0.0000003400
-0.1936688786 0.0000000002
-0.1935131465 0.0000006573
-0.1926750456 0.0000008789
-0.1923228418 0.0000001711
-0.1922501539 0.0000013249
-0.1920565580 0.0000006531
-0.1918767457 0.0000008171
-0.1918231313 0.0000000088
-0.1912590032 0.0000005703
-0.1904898499 0.0000079830
-0.1901575987 0.0000030369
-0.1897624050 0.0000014911
-0.1895521944 0.0000020956
-0.1892111664 0.0000000218
-0.1888931607 0.0000011078
-0.1886334782 0.0000020493
-0.1885110800 0.0000041298
-0.1881693517 0.0000003850
-0.1878957664 0.0000000084
-0.1874408190 0.0000007917
-0.1871278052 0.0000004495
-0.1869278615 0.0000009096
-0.1864975010 0.0000021866
-0.1863285069 0.0000000855
-0.1859937673 0.0000000322
-0.1858091419 0.0000006090
-0.1857430254 0.0000009654
-0.1855306988 0.0000013412
-0.1854073619 0.0000000775
-0.1848909323 0.0000000811
-0.1846201037 0.0000017718
-0.1844276552 0.0000014280
-0.1839904850 0.0000045056
-0.1837097918 0.0000000126
-0.1834412431 0.0000005961
-0.1829293286 0.0000047074
-0.1828336780 0.0000023862
-0.1826213663 0.0000144384
-0.1823314493 0.0000000000
-0.1820032363 0.0000152821
-0.1815706407 0.0000001972
-0.1813742434 0.0000003893
-0.1813320284 0.0000000478
-0.1808535670 0.0000010506
-0.1805552309 0.0000063888
-0.1802915250 0.0000000526
-0.1801275973 0.0000017869
-0.1799260740 0.0000016494
-0.1797497635 0.0000000455
-0.1793822114 0.0000011528
-0.1792126958 0.0000045513
-0.1786957895 0.0000000851
-0.1782915210 0.0000034501
-0.1782177900 0.0000000183
-0.1779100810 0.0000030789
-0.1778759574 0.0000003074
-0.1775603955 0.0000013650
-0.1773333614 0.0000015622
-0.1771232997 0.0000028418
-0.1769475703 0.0000080775
-0.1766663705 0.0000000002
-0.1764415567 0.0000018040
-0.1762842004 0.0000003490
-0.1760439937 0.0000000975
-0.1759499823 0.0000007256
-0.1757153337 0.0000019683
-0.1750530814 0.0000006088
-0.1748696481 0.0000003593
-0.1747199063 0.0000045053
-0.1744245355 0.0000069121
-0.1742856567 0.0000013948
-0.1740278517 0.0000043290
-0.1739012365 0.0000043099
-0.1735286777 0.0000019839
-0.1734573607 0.0000014884
-0.1730822985 0.0000005072
-0.1728910570 0.0000004795
-0.1728833233 0.0000012655
-0.1724898134 0.0000025749
-0.1724250083 0.0000198184
-0.1722411578 0.0000000860
-0.1718905036 0.0000022723
-0.1715613817 0.0000000067
-0.1713995849 0.0000042408
-0.1710692708 0.0000009959
-0.1709144627 0.0000003134
-0.1707059805 0.0000019255
-0.1705529307 0.0000012305
-0.1702881073 0.0000019655
-0.1700437282 0.0000037924
-0.1696874713 0.0000000001
-0.1695291017 0.0000023292
-0.1694371616 0.0000002170
-0.1691467975 0.0000035662
-0.1690665697 0.0000060312
-0.1689371382 0.0000006456
-0.1684681540 0.0000124285
-0.1682497476 0.0000012568
-0.1680977260 0.0000000986
-0.1678039645 0.0000008165
-0.1676186984 0.0000011056
-0.1674785678 0.0000003120
-0.1670792465 0.0000039661
-0.1669482057 0.0000039773
-0.1669438844 0.0000020264
-0.1666689728 0.0000000140
-0.1665962850 0.0000000248
-0.1662244563 0.0000255455
-0.1660170619 0.0000075499
-0.1658576642 0.0000005853
-0.1656649624 0.0000005934
-0.1652668183 0.0000041842
-0.1650074487 0.0000000008
-0.1648794179 0.0000011143
-0.1646305238 0.0000009784
-0.1643905704 0.0000002824
-0.1643366878 0.0000043680
-0.1640102332 0.0000001102
-0.1637591337 0.0000001480
-0.1636932110 0.0000004403
-0.1636330103 0.0000020288
-0.1633176421 0.0000001510
-0.1629952406 0.0000004381
-0.1629790281 0.0000014419
-0.1627801721 0.0000021797
-0.1625993018 0.0000063763
-0.1624684994 0.0000110343
-0.1622985368 0.0000075990
-0.1622868394 0.0000011798
-0.1619867002 0.0000029325
-0.1618892168 0.0000000000
-0.1615917002 0.0000000266
-0.1614985530 0.0000003691
-0.1612548743 0.0000039243
-0.1610198085 0.0000000847
-0.1609827195 0.0000031006
-0.1608080332 0.0000001717
-0.1604678248 0.0000000138
-0.1602423851 0.0000003980
-0.1600348418 0.0000008615
-0.1599022959 0.0000013866
-0.1595853035 0.0000000929
-0.1595061337 0.0000002658
-0.1592430835 0.0000020223
-0.1590437953 0.0000011093
-0.1590133523 0.0000006985
-0.1589486961 0.0000061831
-0.1587229137 0.0000027938
-0.1586808180 0.0000001787
-0.1582867419 0.0000045413
-0.1581463133 0.0000007210
-0.1579839950 0.0000000234
-0.1578903412 0.0000008601
-0.1576920663 0.0000021355
-0.1575035964 0.0000039452
-0.1570990001 0.0000008225
-0.1569777642 0.0000012725
-0.1568702971 0.0000031994
-0.1565138911 0.0000075759
-0.1564090316 0.0000010724
-0.1562791680 0.0000002393
-0.1562481140 0.0000036606
-0.1561119472 0.0000002445
-0.1557039832 0.0000007329
-0.1555294310 0.0000007151
-0.1553438817 0.0000001698
-0.1552327638 0.0000000418
-0.1550518190 0.0000000373
-0.1549281393 0.0000000134
-0.1547649865 0.0000011784
-0.1545238261 0.0000000003
-0.1543895369 0.0000004990
-0.1541552608 0.0000000048
-0.1540269618 0.0000024260
-0.1539354538 0.0000049712
-0.1536314552 0.0000000366
-0.1534375315 0.0000046335
-0.1533628170 0.0000001287
-0.1531673734 0.0000000155
-0.1530156349 0.0000013130
-0.1528932219 0.0000133912
-0.1525707905 0.0000000029
-0.1524356817 0.0000001475
-0.1522881155 0.0000012177
-0.1522296880 0.0000037030
-0.1519501572 0.0000009202
-0.1518267308 0.0000064649
-0.1517756050 0.0000007893
-0.1514693414 0.0000054463
-0.1514220004 0.0000000189
-0.1511957263 0.0000020307
-0.1509372060 0.0000017632
-0.1508107250 0.0000024115
-0.1503554349 0.0000001041
-0.1502842520 0.0000065504
-0.1500453864 0.0000020831
-0.1498965089 0.0000000818
-0.1498019164 0.0000001605
-0.1497401212 0.0000026182
-0.1495632296 0.0000000343
-0.1495052938 0.0000028899
-0.1491722529 0.0000000005
-0.1490560685 0.0000081026
-0.1489038681 0.0000031305
-0.1487027918 0.0000002638
-0.1485295062 0.0000003829
-0.1483726119 0.0000002226
-0.1482619112 0.0000000913
-0.1481503760 0.0000005007
-0.1479692672 0.0000046262
-0.1478719031 0.0000029845
-0.1477555250 0.0000011785
-0.1475743269 0.0000007144
-0.1472337310 0.0000047026
-0.1471676593 0.0000064835
-0.1470290040 0.0000035027
-0.1469753747 0.0000002106
-0.1468175416 0.0000034544
-0.1465894197 0.0000001720
-0.1465168064 0.0000022799
-0.1464342241 0.0000007185
-0.1460281526 0.0000001880
-0.1459425156 0.0000117466
-0.1459108208 0.0000029554
-0.1456833546 0.0000001479
-0.1454784040 0.0000003549
-0.1452837651 0.0000113143
-0.1451282715 0.0000004269
-0.1450607990 0.0000030477
-0.1447121118 0.0000002624
-0.1446655457 0.0000047836
-0.1445420598 0.0000004185
-0.1444599544 0.0000006866
-0.1443761950 0.0000002855
-0.1441779499 0.0000000881
-0.1440180455 0.0000000728
-0.1439291303 0.0000055980
-0.1437599276 0.0000016096
-0.1436140006 0.0000006230
-0.1433050548 0.0000029609
-0.1432005529 0.0000093073
-0.1430394118 0.0000001264
-0.1428580945 0.0000011723
-0.1427621757 0.0000055899
-0.1427001272 0.0000005861
-0.1425543492 0.0000001548
-0.1424261694 0.0000000476
-0.1422659670 0.0000064627
-0.1420933073 0.0000016940
-0.1419066553 0.0000040025
-0.1417056386 0.0000005834
-0.1415944611 0.0000003995
-0.1414276426 0.0000000463
-0.1412126188 0.0000040134
-0.1410936629 0.0000002287
-0.1410165046 0.0000018751
-0.1407987987 0.0000019221
-0.1406339471 0.0000000832
-0.1406073039 0.0000043289
-0.1404885267 0.0000000185
-0.1402109628 0.0000112083
-0.1401269798 0.0000017362
-0.1400194232 0.0000001868
-0.1398810511 0.0000000504
-0.1397755657 0.0000027906
-0.1395963197 0.0000032170
-0.1393421804 0.0000011364
-0.1391747509 0.0000027451
-0.1389090036 0.0000048987
-0.1388795440 0.0000006241
-0.1388129507 0.0000023183
-0.1386366998 0.0000001016
-0.1383818601 0.0000002760
-0.1383178298 0.0000011682
-0.1381018822 0.0000001305
-0.1380160366 0.0000010781
-0.1379596804 0.0000001199
-0.1377515559 0.0000003153
-0.1376941566 0.0000008964
-0.1373217915 0.0000038533
-0.1371947889 0.0000048125
-0.1369649385 0.0000125817
-0.1369383847 0.0000013496
-0.1368995075 0.0000000351
-0.1366806989 0.0000006313
-0.1365067874 0.0000000210
-0.1364492093 0.0000033377
-0.1363681321 0.0000068118
-0.1362318163 0.0000155011
-0.1361232017 0.0000005777
-0.1360285197 0.0000028806
-0.1359834437 0.0000007384
-0.1357647692 0.0000024644
-0.1355465417 0.0000057064
-0.1352996294 0.0000043298
-0.1352809136 0.0000066882
-0.1350166117 0.0000013461
-0.1349674677 0.0000098445
-0.1349352216 0.0000061209
-0.1347598796 0.0000003644
-0.1345530068 0.0000000003
-0.1344552253 0.0000000016
-0.1341542368 0.0000004226
-0.1341417198 0.0000006630
-0.1339486306 0.0000054775
-0.1338800107 0.0000017533
-0.1336863999 0.0000011038
-0.1336117600 0.0000035488
-0.1335472231 0.0000031314
-0.1333784078 0.0000006645
-0.1331881498 0.0000027757
-0.1330296313 0.0000026396
-0.1328657334 0.0000002963
-0.1327975755 0.0000000477
-0.1326908087 0.0000012106
-0.1325913285 0.0000012904
-0.1325754290 0.0000004388
-0.1323646818 0.0000073282
-0.1322936629 0.0000006502
-0.1321523254 0.0000000415
-0.1320868199 0.0000007713
-0.1318327849 0.0000005268
-0.1317461048 0.0000030235
-0.1316201900 0.0000108355
-0.1314471875 0.0000141741
-0.1313744401 0.0000005155
-0.1311345761 0.0000069276
-0.1309853410 0.0000048436
-0.1307773356 0.0000027442
-0.1307433759 0.0000029591
-0.1306215738 0.0000049031
-0.1304938411 0.0000011363
-0.1304370676 0.0000015362
-0.1303669577 0.0000045201
-0.1303095286 0.0000003022
-0.1300859963 0.0000112784
-0.1298890029 0.0000003499
-0.1297783618 0.0000000228
-0.1296544437 0.0000003363
-0.1295278435 0.0000001465
-0.1295200204 0.0000002676
-0.1293105100 0.0000022651
-0.1292318617 0.0000013483
-0.1291296546 0.0000014313
-0.1289625530 0.0000006111
-0.1289283549 0.0000001560
-0.1288098906 0.0000000742
-0.1287460988 0.0000073343
-0.1286223148 0.0000038468
-0.1284973835 0.0000023219
-0.1283440207 0.0000000025
-0.1282203411 0.0000000211
-0.1281525855 0.0000003657
-0.1280865138 0.0000003699
-0.1278394376 0.0000010773
-0.1277687614 0.0000033739
-0.1276472871 0.0000017967
-0.1274742996 0.0000032668
-0.1274038469 0.0000000560
-0.1273215775 0.0000004295
-0.1272586797 0.0000019005
-0.1270489459 0.0000000013
-0.1269910549 0.0000095630
-0.1267957156 0.0000018421
-0.1267545437 0.0000021532
-0.1266038631 0.0000013882
-0.1264745210 0.0000000742
-0.1263480996 0.0000061516
-0.1262973611 0.0000122447
-0.1261934404 0.0000028400
-0.1260242229 0.0000027197
-0.1259206151 0.0000000056
-0.1257950728 0.0000000361
-0.1257137572 0.0000005529
-0.1256101494 0.0000010220
-0.1255361949 0.0000001692
-0.1253602346 0.0000029202
-0.1251511713 0.0000000710
-0.1250937198 0.0000033035
-0.1249916245 0.0000000035
-0.1248516654 0.0000023276
-0.1247781654 0.0000060372
-0.1246174489 0.0000040451
-0.1245261197 0.0000000757
-0.1244856035 0.0000040469
-0.1243866001 0.0000002121
-0.1242848103 0.0000033484
-0.1241126572 0.0000001996
-0.1240394478 0.0000004805
-0.1239157160 0.0000000570
-0.1238485565 0.0000037150
-0.1237703328 0.0000000166
-0.1236129989 0.0000004508
-0.1235065450 0.0000002465
-0.1234000390 0.0000000394
-0.1232422729 0.0000011616
-0.1231569042 0.0000007098
-0.1228856062 0.0000033454
-0.1227438812 0.0000010650
-0.1227160533 0.0000000316
-0.1227050637 0.0000010437
-0.1225279783 0.0000032532
-0.1224446063 0.0000025310
-0.1224244599 0.0000000840
-0.1223576804 0.0000012254
-0.1223096763 0.0000000404
-0.1221745451 0.0000006573
-0.1220393469 0.0000005709
-0.1220317994 0.0000064774
-0.1219417219 0.0000072047
-0.1217294251 0.0000014783
-0.1216797148 0.0000000007
-0.1215448742 0.0000088369
-0.1214640354 0.0000004262
-0.1211909418 0.0000035612
-0.1211621975 0.0000036883
-0.1211175014 0.0000005203
-0.1209218864 0.0000009990
-0.1207474907 0.0000001226
-0.1205786829 0.0000044959
-0.1205637445 0.0000000528
-0.1204278533 0.0000056571
-0.1203014766 0.0000024990
-0.1202334826 0.0000000039
-0.1201172908 0.0000076389
-0.1200264086 0.0000014477
-0.1199484532 0.0000020912
-0.1198258539 0.0000006425
-0.1197830205 0.0000033115
-0.1197321181 0.0000009051
-0.1195554202 0.0000060571
-0.1195020442 0.0000004344
-0.1192730730 0.0000000932
-0.1191998785 0.0000000587
-0.1191328679 0.0000000502
-0.1190937375 0.0000000118
-0.1189745878 0.0000015633
-0.1187667762 0.0000000558
-0.1186935221 0.0000065202
-0.1185228963 0.0000007098
-0.1184697514 0.0000016060
-0.1183686917 0.0000024354
-0.1183488433 0.0000008917
-0.1182508757 0.0000005108
-0.1181061258 0.0000019685
-0.1179773648 0.0000001809
-0.1179528152 0.0000000372
-0.1178147857 0.0000054378
-0.1176714589 0.0000004084
-0.1175965135 0.0000028001
-0.1175362085 0.0000006826
-0.1173736517 0.0000005394
-0.1173157533 0.0000015387
-0.1172054176 0.0000004818
-0.1170531725 0.0000000113
-0.1169357290 0.0000042854
-0.1168843870 0.0000041677
-0.1168255423 0.0000001431
-0.1167054390 0.0000127998
-0.1164557328 0.0000002197
-0.1163655882 0.0000015077
-0.1162268658 0.0000000817
-0.1160611798 0.0000040164
-0.1160447066 0.0000040127
-0.1159633835 0.0000115287
-0.1158344065 0.0000000452
-0.1157707785 0.0000016714
-0.1156184887 0.0000042169
-0.1155049493 0.0000008869
-0.1153832589 0.0000011267
-0.1153286238 0.0000000192
-0.1151340519 0.0000072569
-0.1150239249 0.0000008917
-0.1149488379 0.0000077466
-0.1147710820 0.0000032539
-0.1146186878 0.0000000530
-0.1145094921 0.0000016877
-0.1144690354 0.0000051620
-0.1142714684 0.0000000626
-0.1141704087 0.0000018756
-0.1139845167 0.0000065423
-0.1139069934 0.0000059511
-0.1138090258 0.0000005594
-0.1136815612 0.0000004263
-0.1135592674 0.0000025200
-0.1132536297 0.0000001084
-0.1132181575 0.0000008676
-0.1131515269 0.0000005770
-0.1130115678 0.0000032589
-0.1128754829 0.0000056266
-0.1127150794 0.0000030910
-0.1126385098 0.0000010337
-0.1125323390 0.0000101216
-0.1124404510 0.0000010993
-0.1123358597 0.0000050140
-0.1121898432 0.0000180019
-0.1120895957 0.0000108662
-0.1118603264 0.0000001035
-0.1118000140 0.0000030887
-0.1117168208 0.0000004021
-0.1115082716 0.0000152495
-0.1113260602 0.0000000220
-0.1111237993 0.0000141504
-0.1110650142 0.0000009102
-0.1108975922 0.0000002212
-0.1107813408 0.0000003097
-0.1106587340 0.0000009307
-0.1105561991 0.0000012517
-0.1104178046 0.0000033929
-0.1102972840 0.0000005377
-0.1101083149 0.0000013061
-0.1100316187 0.0000032734
-0.1098995348 0.0000007344
-0.1097786118 0.0000020546
-0.1096848314 0.0000125179
-0.1095630889 0.0000005524
-0.1093078544 0.0000018437
-0.1092303087 0.0000067682
-0.1091057797 0.0000017498
-0.1089612384 0.0000003718
-0.1087473844 0.0000001309
-0.1086496105 0.0000011928
-0.1085248803 0.0000169334
-0.1083465581 0.0000157603
-0.1082733859 0.0000017761
-0.1080951457 0.0000233365
-0.1080263247 0.0000031162
-0.1078414534 0.0000052580
-0.1077845757 0.0000069228
-0.1075192084 0.0000048157
-0.1074528982 0.0000030020
-0.1073585515 0.0000004308
-0.1071960245 0.0000111076
-0.1070176874 0.0000023164
-0.1068548252 0.0000027589
-0.1066698869 0.0000054317
-0.1066358526 0.0000013772
-0.1064686318 0.0000005645
-0.1062789326 0.0000046590
-0.1061921780 0.0000002547
-0.1061088060 0.0000083056
-0.1060012271 0.0000060166
-0.1057193269 0.0000000419
-0.1055939038 0.0000013790
-0.1054673110 0.0000053843
-0.1053357710 0.0000002128
-0.1050964733 0.0000002715
-0.1048596268 0.0000045970
-0.1047385846 0.0000201134
-0.1046027158 0.0000032048
-0.1044591432 0.0000016031
-0.1043296670 0.0000087393
-0.1042244648 0.0000028960
-0.1041324725 0.0000008369
-0.1039709066 0.0000019534
-0.1038281386 0.0000016027
-0.1036572595 0.0000062519
-0.1034514223 0.0000002250
-0.1032900726 0.0000049558
-0.1032033031 0.0000112086
-0.1030888771 0.0000045671
-0.1028744643 0.0000101127
-0.1026642461 0.0000035942
-0.1025441949 0.0000007750
-0.1023679515 0.0000037571
-0.1022015427 0.0000034782
-0.1021117334 0.0000065101
-0.1019588773 0.0000033176
-0.1017853011 0.0000016378
-0.1016893675 0.0000127999
-0.1015032967 0.0000041285
-0.1013651182 0.0000014626
-0.1012722765 0.0000067069
-0.1011222665 0.0000207047
-0.1009118249 0.0000099857
-0.1007875119 0.0000059482
-0.1005980288 0.0000004386
-0.1003914018 0.0000001647
-0.1001887833 0.0000049225
-0.1000872691 0.0000101815
-0.0999970277 0.0000180690
-0.0998829370 0.0000037131
-0.0996936699 0.0000025510
-0.0995835428 0.0000006909
-0.0993773108 0.0000004259
-0.0992298638 0.0000154735
-0.0990685289 0.0000065977
-0.0989715968 0.0000035316
-0.0987230678 0.0000007155
-0.0986045142 0.0000031505
-0.0984851335 0.0000030532
-0.0982854431 0.0000031876
-0.0981795703 0.0000035527
-0.0980288004 0.0000036807
-0.0978406881 0.0000018633
-0.0977312018 0.0000233679
-0.0975174596 0.0000027811
-0.0973618616 0.0000013393
-0.0972077166 0.0000097837
-0.0970806544 0.0000019485
-0.0969285806 0.0000022900
-0.0967315574 0.0000030857
-0.0966136743 0.0000046050
-0.0963924592 0.0000033293
-0.0962503840 0.0000008978
-0.0961314802 0.0000026764
-0.0959256877 0.0000002184
-0.0957355862 0.0000021925
-0.0956100364 0.0000039961
-0.0954709341 0.0000005727
-0.0953114246 0.0000033087
-0.0951489871 0.0000011766
-0.0950116207 0.0000010317
-0.0948320543 0.0000032932
-0.0946481367 0.0000085200
-0.0945355882 0.0000059529
-0.0944528495 0.0000039222
-0.0941518759 0.0000054207
-0.0939908092 0.0000185640
-0.0938551863 0.0000054470
-0.0937045057 0.0000111626
-0.0935640846 0.0000010041
-0.0933865299 0.0000040389
-0.0931522389 0.0000040088
-0.0930818533 0.0000021144
-0.0929328417 0.0000032697
-0.0926868607 0.0000018303
-0.0926275169 0.0000100292
-0.0923413922 0.0000024546
-0.0922079449 0.0000037279
-0.0920300772 0.0000032017
-0.0918472772 0.0000077289
-0.0916917016 0.0000046073
-0.0915288244 0.0000013864
-0.0913748135 0.0000019014
-0.0911645656 0.0000009782
-0.0910312970 0.0000072315
-0.0908844312 0.0000041347
-0.0906857391 0.0000014086
-0.0905407508 0.0000095334
-0.0903750871 0.0000015979
-0.0902779688 0.0000084839
-0.0900181447 0.0000048970
-0.0898562138 0.0000053810
-0.0897197639 0.0000039011
-0.0894792815 0.0000159316
-0.0893484269 0.0000096145
-0.0892407288 0.0000038456
-0.0890624737 0.0000067576
-0.0889228274 0.0000047990
-0.0887618278 0.0000044071
-0.0885795047 0.0000049640
-0.0883893659 0.0000044100
-0.0881550302 0.0000114863
-0.0880421613 0.0000034096
-0.0878697922 0.0000053418
-0.0877310251 0.0000022887
-0.0875190114 0.0000072916
-0.0872759436 0.0000032534
-0.0871752118 0.0000155017
-0.0870958557 0.0000029223
-0.0868309428 0.0000068941
-0.0866528814 0.0000044640
-0.0865336274 0.0000071914
-0.0863248249 0.0000026727
-0.0862074782 0.0000098249
-0.0860064839 0.0000109174
-0.0858161514 0.0000087095
-0.0856341709 0.0000038686
-0.0854141479 0.0000029878
-0.0853138183 0.0000055094
-0.0851379623 0.0000066671
-0.0849874531 0.0000064083
-0.0847685103 0.0000037919
-0.0845751156 0.0000059628
-0.0844806274 0.0000047817
-0.0842416127 0.0000081582
-0.0840746452 0.0000047428
-0.0839427252 0.0000173662
-0.0837292587 0.0000014603
-0.0836123739 0.0000039375
-0.0834490051 0.0000011177
-0.0832478766 0.0000011124
-0.0830385302 0.0000060582
-0.0828350400 0.0000041466
-0.0827033286 0.0000037910
-0.0824990113 0.0000046699
-0.0823203986 0.0000045711
-0.0821533938 0.0000099048
-0.0819629123 0.0000142899
-0.0818383758 0.0000107171
-0.0816499879 0.0000127212
-0.0815134932 0.0000080417
-0.0813083341 0.0000079873
-0.0811239545 0.0000087976
-0.0810222318 0.0000033195
-0.0807716017 0.0000024854
-0.0806535621 0.0000028432
-0.0803974484 0.0000128516
-0.0802660053 0.0000040227
-0.0800366988 0.0000032190
-0.0798602020 0.0000017372
-0.0797310238 0.0000048310
-0.0795144652 0.0000014497
-0.0793813680 0.0000039005
-0.0791299258 0.0000074023
-0.0789891471 0.0000032383
-0.0787939345 0.0000084183
-0.0786357586 0.0000080055
-0.0784892951 0.0000048263
-0.0782589604 0.0000033955
-0.0780360391 0.0000018962
-0.0779537548 0.0000273767
-0.0777288665 0.0000101220
-0.0775409927 0.0000063894
-0.0774226700 0.0000039909
-0.0771405612 0.0000039634
-0.0769852315 0.0000067366
-0.0768771385 0.0000253743
-0.0767172267 0.0000031927
-0.0765074407 0.0000055588
-0.0762392570 0.0000054804
-0.0761351501 0.0000232932
-0.0759386708 0.0000032678
-0.0757534568 0.0000026685
-0.0755536621 0.0000145136
-0.0754285817 0.0000087792
-0.0752083053 0.0000043225
-0.0749989961 0.0000101098
-0.0748513182 0.0000107307
-0.0747352903 0.0000325184
-0.0744857033 0.0000095974
-0.0743874152 0.0000083518
-0.0741394674 0.0000152579
-0.0739017119 0.0000050320
-0.0737675940 0.0000086865
-0.0736543154 0.0000061124
-0.0734099587 0.0000020919
-0.0732500990 0.0000052214
-0.0730611523 0.0000114927
-0.0728894835 0.0000133764
-0.0726909255 0.0000033411
-0.0724996318 0.0000059912
-0.0723360543 0.0000074886
-0.0721494471 0.0000163951
-0.0719821890 0.0000059733
-0.0717530762 0.0000035194
-0.0716064190 0.0000066769
-0.0713945841 0.0000141316
-0.0712521439 0.0000049291
-0.0710813915 0.0000037083
-0.0708102946 0.0000028867
-0.0706531693 0.0000093903
-0.0705251237 0.0000176529
-0.0703271021 0.0000034392
-0.0701500018 0.0000061935
-0.0699213584 0.0000226555
-0.0696477209 0.0000066991
-0.0695433607 0.0000111874
-0.0693540787 0.0000054326
-0.0691480477 0.0000073752
-0.0689907734 0.0000051837
-0.0688171898 0.0000077274
-0.0686063458 0.0000113570
-0.0684449365 0.0000126492
-0.0682547008 0.0000121919
-0.0680480217 0.0000022708
-0.0678337132 0.0000130690
-0.0676855956 0.0000274073
-0.0675198873 0.0000114643
-0.0673173879 0.0000183114
-0.0671372404 0.0000063441
-0.0669369762 0.0000052083
-0.0667736222 0.0000070444
-0.0665248399 0.0000105498
-0.0663889785 0.0000289076
-0.0662007173 0.0000250630
-0.0659931217 0.0000105974
-0.0658856918 0.0000114073
-0.0656510954 0.0000077051
-0.0654083480 0.0000059696
-0.0652402778 0.0000202240
-0.0650606369 0.0000114166
-0.0648803552 0.0000112891
-0.0646985387 0.0000119663
-0.0645081689 0.0000090405
-0.0643670325 0.0000265517
-0.0641696890 0.0000095593
-0.0639882450 0.0000166092
-0.0637650629 0.0000076492
-0.0635520135 0.0000064243
-0.0633215149 0.0000161321
-0.0631746714 0.0000080615
-0.0630040308 0.0000084188
-0.0627564852 0.0000166370
-0.0626354170 0.0000126257
-0.0624458370 0.0000080941
-0.0622462806 0.0000129952
-0.0620961775 0.0000063253
-0.0618249578 0.0000051150
-0.0616602031 0.0000112840
-0.0615000156 0.0000027378
-0.0612347153 0.0000076071
-0.0610704896 0.0000088853
-0.0608806749 0.0000103433
-0.0606571463 0.0000064435
-0.0605033849 0.0000157922
-0.0603365478 0.0000157759
-0.0601071258 0.0000264931
-0.0599105199 0.0000118296
-0.0597407547 0.0000167449
-0.0595715073 0.0000156013
-0.0593984303 0.0000084489
-0.0591667657 0.0000164544
-0.0589935434 0.0000138141
-0.0588547391 0.0000075109
-0.0585793507 0.0000126321
-0.0584273477 0.0000342983
-0.0582213243 0.0000080815
-0.0579765503 0.0000044622
-0.0578147200 0.0000299622
-0.0576574196 0.0000232201
-0.0574339655 0.0000251474
-0.0572575805 0.0000298926
-0.0570788783 0.0000276913
-0.0569099140 0.0000155600
-0.0566343022 0.0000055851
-0.0564683889 0.0000096040
-0.0562498969 0.0000159625
-0.0560960648 0.0000116839
-0.0559130003 0.0000086290
-0.0557094802 0.0000272101
-0.0555056472 0.0000136040
-0.0552820218 0.0000144130
-0.0551343327 0.0000126392
-0.0549460267 0.0000094118
-0.0547427599 0.0000115999
-0.0545589616 0.0000154992
-0.0543815372 0.0000111998
-0.0541423922 0.0000061143
-0.0539425378 0.0000055856
-0.0537637909 0.0000201044
-0.0535652441 0.0000073790
-0.0533784320 0.0000110268
-0.0531582785 0.0000101842
-0.0529614975 0.0000149152
-0.0527388108 0.0000309267
-0.0525355366 0.0000126475
-0.0523790781 0.0000828276
-0.0521879819 0.0000214081
-0.0519874235 0.0000246743
-0.0518512008 0.0000324319
-0.0516526279 0.0000093880
-0.0513859009 0.0000188000
-0.0512001318 0.0000093259
-0.0510268462 0.0000218092
-0.0507898693 0.0000240109
-0.0505939339 0.0000226255
-0.0504611199 0.0000206989
-0.0502540422 0.0000250070
-0.0500330952 0.0000088524
-0.0498008271 0.0000152242
-0.0496304100 0.0000383352
-0.0494678867 0.0000198780
-0.0492158820 0.0000309669
-0.0490472679 0.0000392788
-0.0488499020 0.0000250029
-0.0486868684 0.0000250948
-0.0484636528 0.0000174416
-0.0482524437 0.0000380603
-0.0480828461 0.0000319087
-0.0478825596 0.0000157400
-0.0476908450 0.0000183941
-0.0474617136 0.0000135726
-0.0472857979 0.0000153503
-0.0470847589 0.0000217139
-0.0468807397 0.0000170317
-0.0466588129 0.0000127850
-0.0465056514 0.0000193079
-0.0463004400 0.0000302083
-0.0460734991 0.0000323764
-0.0459009660 0.0000354637
-0.0456879166 0.0000257985
-0.0454886397 0.0000401731
-0.0453060855 0.0000590235
-0.0450648059 0.0000401898
-0.0449192030 0.0000526545
-0.0447536026 0.0000405403
-0.0444875200 0.0000277539
-0.0443047275 0.0000528516
-0.0441210670 0.0000379730
-0.0439286855 0.0000223219
-0.0437292894 0.0000374404
-0.0435450998 0.0000173514
-0.0433313352 0.0000070446
-0.0431004790 0.0000153452
-0.0429270667 0.0000151554
-0.0426928912 0.0000349186
-0.0425290679 0.0000988264
-0.0423235622 0.0000322711
-0.0420973365 0.0000185037
-0.0419124317 0.0000261180
-0.0417076898 0.0000338915
-0.0414901291 0.0000320174
-0.0412979637 0.0000406025
-0.0411234264 0.0000364117
-0.0408777510 0.0000398400
-0.0407220897 0.0000514958
-0.0404817005 0.0000433591
-0.0403099013 0.0000385625
-0.0401236740 0.0000345409
-0.0398963754 0.0000540231
-0.0397292477 0.0000399249
-0.0395213244 0.0000261731
-0.0392974232 0.0000438800
-0.0390964401 0.0000430028
-0.0389251066 0.0000381976
-0.0387134058 0.0000304544
-0.0385045623 0.0000531243
-0.0383365442 0.0000372185
-0.0380601575 0.0000531454
-0.0379096110 0.0000468359
-0.0376803679 0.0000478725
-0.0374852372 0.0000536913
-0.0373037559 0.0000559891
-0.0370910642 0.0000458171
-0.0368967307 0.0000416502
-0.0366855738 0.0000538062
-0.0365060148 0.0000480819
-0.0362860141 0.0000442507
-0.0360784632 0.0000532847
-0.0358792682 0.0000537582
-0.0356886600 0.0000471810
-0.0354835642 0.0000682568
-0.0352770005 0.0000556942
-0.0350792323 0.0000499347
-0.0348756266 0.0000867873
-0.0346526754 0.0000756636
-0.0344787453 0.0000480549
-0.0342768197 0.0000482265
-0.0340532874 0.0000664918
-0.0338655439 0.0000633552
-0.0336511870 0.0000719162
-0.0334603665 0.0000576586
-0.0332458046 0.0000652630
-0.0330455368 0.0000840510
-0.0328635787 0.0000749985
-0.0326436748 0.0000712148
-0.0324475532 0.0000532309
-0.0322230262 0.0000777830
-0.0320263830 0.0000684286
-0.0318271470 0.0000543434
-0.0316397053 0.0000569803
-0.0314189036 0.0000687431
-0.0312362024 0.0000936716
-0.0310152908 0.0000746817
-0.0308092431 0.0001037994
-0.0306415101 0.0000680023
-0.0303989080 0.0000703407
-0.0302146775 0.0000700868
-0.0299985976 0.0000898610
-0.0297824600 0.0000856685
-0.0295857982 0.0000955298
-0.0293929604 0.0001071090
-0.0292057254 0.0000977419
-0.0289961369 0.0000884934
-0.0287924194 0.0000709651
-0.0285989259 0.0000947184
-0.0283556161 0.0000871868
-0.0281713744 0.0000916971
-0.0279684150 0.0000798303
-0.0277595901 0.0001148566
-0.0275365588 0.0000988826
-0.0273522184 0.0001450112
-0.0271608950 0.0000977115
-0.0269612772 0.0001096678
-0.0267395851 0.0000902475
-0.0265471366 0.0001155567
-0.0263349013 0.0000766939
-0.0261278031 0.0000983540
-0.0259103970 0.0000948156
-0.0257197813 0.0001209240
-0.0255176210 0.0001262324
-0.0253080064 0.0000963014
-0.0250907679 0.0000956063
-0.0249010892 0.0001229637
-0.0246841674 0.0001329353
-0.0244694677 0.0001505943
-0.0242861425 0.0001575994
-0.0240849898 0.0001339088
-0.0238638491 0.0001796955
-0.0236711380 0.0001539816
-0.0234661874 0.0001652047
-0.0232596145 0.0001437108
-0.0230594845 0.0001508300
-0.0228315302 0.0001452612
-0.0226437719 0.0001671842
-0.0224459217 0.0001777346
-0.0222257980 0.0001776021
-0.0220280876 0.0001479282
-0.0218178787 0.0001686399
-0.0216149510 0.0002066219
-0.0214092051 0.0002137515
-0.0212112506 0.0001917344
-0.0210034539 0.0002308686
-0.0207978235 0.0002215387
-0.0205773291 0.0002121715
-0.0203676530 0.0002252427
-0.0201718816 0.0002759200
-0.0199814727 0.0002570834
-0.0197735679 0.0002715422
-0.0195649591 0.0002469704
-0.0193502949 0.0001973262
-0.0191547749 0.0002514911
-0.0189346810 0.0002840709
-0.0187339754 0.0002608438
-0.0185237126 0.0003453017
-0.0183258717 0.0003393611
-0.0181279880 0.0003365809
-0.0179082778 0.0002840805
-0.0177136184 0.0003634392
-0.0175048848 0.0003391474
-0.0173076754 0.0003606431
-0.0170928919 0.0003290573
-0.0168877029 0.0002889330
-0.0166830336 0.0003740527
-0.0164794018 0.0003450344
-0.0162689061 0.0003178596
-0.0160635765 0.0003434934
-0.0158490528 0.0003661397
-0.0156482979 0.0003677087
-0.0154485627 0.0004077665
-0.0152358496 0.0003581615
-0.0150302983 0.0004323744
-0.0148323503 0.0004050540
-0.0146085731 0.0003860287
-0.0144068114 0.0004317709
-0.0141991208 0.0004619372
-0.0139963840 0.0004583471
-0.0137977357 0.0005007464
-0.0135838873 0.0004897906
-0.0133780035 0.0005346907
-0.0131720881 0.0005314565
-0.0129635315 0.0006120256
-0.0127533180 0.0006493386
-0.0125479688 0.0006489658
-0.0123426634 0.0006836065
-0.0121389524 0.0006950208
-0.0119345960 0.0007202659
-0.0117179872 0.0006977119
-0.0115154115 0.0006876902
-0.0113160703 0.0008330450
-0.0111092738 0.0008100331
-0.0109050124 0.0008440877
-0.0106966262 0.0008113011
-0.0104876523 0.0008452481
-0.0102833909 0.0008744483
-0.0100761120 0.0009496210
-0.0098634846 0.0010607006
-0.0096626849 0.0010399766
-0.0094604789 0.0010364028
-0.0092497570 0.0011776027
-0.0090503040 0.0010234554
-0.0088322590 0.0011841030
-0.0086304610 0.0011737556
-0.0084200920 0.0012770352
-0.0082149528 0.0012375484
-0.0080037894 0.0014040142
-0.0078049362 0.0013747467
-0.0075959562 0.0015479448
-0.0073895314 0.0016228955
-0.0071813580 0.0016059492
-0.0069708516 0.0018206234
-0.0067676575 0.0018729637
-0.0065591977 0.0021221433
-0.0063553563 0.0021370875
-0.0061533655 0.0021325620
-0.0059392410 0.0021531214
-0.0057355938 0.0023116202
-0.0055294455 0.0024042432
-0.0053198299 0.0026308834
-0.0051142461 0.0028131832
-0.0049095688 0.0029161701
-0.0047034974 0.0032098047
-0.0044993725 0.0035168566
-0.0042869050 0.0035402733
-0.0040799565 0.0039427532
-0.0038748993 0.0043773884
-0.0036730277 0.0045535560
-0.0034616915 0.0049563982
-0.0032586992 0.0052483347
-0.0030471414 0.0058613922
-0.0028445494 0.0067802770
-0.0026367676 0.0072015314
-0.0024338412 0.0080285184
-0.0022280993 0.0086981794
-0.0020198230 0.0098415893
-0.0018155107 0.0112792971
-0.0016096938 0.0128357429
-0.0014041870 0.0150626097
-0.0011969091 0.0180474091
-0.0009920902 0.0240206905
-0.0007865851 0.0348918252
-0.0005611239 0.1365148574
0.0005246549 0.2984741032
0.0007514377 0.0385796167
0.0009595725 0.0254080184
0.0011637214 0.0193433091
0.0013700985 0.0159037020
0.0015751720 0.0136587750
0.0017796476 0.0114777926
0.0019859715 0.0100733088
0.0021914812 0.0087793451
0.0024007243 0.0079012392
0.0026062139 0.0070550810
0.0028106358 0.0066739325
0.0030175936 0.0059293499
0.0032222834 0.0056379340
0.0034281636 0.0049758786
0.0036361121 0.0050450754
0.0038395749 0.0042832070
0.0040487514 0.0043909140
0.0042509797 0.0039438247
0.0044615748 0.0034841746
0.0046641472 0.0033615669
0.0048727863 0.0029682382
0.0050812870 0.0028300632
0.0052901883 0.0026447370
0.0054965442 0.0025423849
0.0056988359 0.0023628084
0.0059105963 0.0022008235
0.0061128814 0.0021178857
0.0063244742 0.0020143695
0.0065292324 0.0019778775
0.0067343185 0.0018122093
0.0069491741 0.0018229757
0.0071514006 0.0017042602
0.0073617356 0.0016011824
0.0075591355 0.0016752953
0.0077690612 0.0014723140
0.0079793468 0.0015527719
0.0081823304 0.0013228258
0.0083925788 0.0012292302
0.0086038307 0.0012332328
0.0087994197 0.0012202109
0.0090088834 0.0011847009
0.0092180510 0.0010685979
0.0094249099 0.0011261441
0.0096284709 0.0009677900
0.0098434183 0.0009567761
0.0100480029 0.0009756427
0.0102555760 0.0009008654
0.0104583175 0.0008717470
0.0106643289 0.0008718247
0.0108708319 0.0008225595
0.0110760004 0.0006804341
0.0112895015 0.0007243979
0.0114946346 0.0006952581
0.0117000396 0.0007331832
0.0119130536 0.0007259750
0.0121073787 0.0007439552
0.0123186651 0.0006179225
0.0125250527 0.0006130124
0.0127294612 0.0005579874
0.0129413092 0.0005379339
0.0131512619 0.0005857541
0.0133532033 0.0004751374
0.0135685801 0.0005060974
0.0137671725 0.0005099084
0.0139799425 0.0004517045
0.0141894658 0.0004791188
0.0143904471 0.0004446275
0.0146066369 0.0005252462
0.0147978001 0.0004311542
0.0150077324 0.0003984290
0.0152288134 0.0004581725
0.0154198053 0.0003582395
0.0156282810 0.0003965171
0.0158392348 0.0004595886
0.0160439153 0.0003768485
0.0162487448 0.0004230603
0.0164519054 0.0004000379
0.0166596481 0.0004071130
0.0168644236 0.0003776305
0.0170694952 0.0003336301
0.0172725123 0.0002854700
0.0174861522 0.0002980530
0.0176965435 0.0002764521
0.0178938200 0.0002990021
0.0180964087 0.0002134182
0.0183239271 0.0002323071
0.0185184990 0.0003330702
0.0187291158 0.0002685672
0.0189302870 0.0002777892
0.0191332129 0.0003079785
0.0193488625 0.0002140224
0.0195470610 0.0001946594
0.0197552209 0.0002086128
0.0199612276 0.0002463782
0.0201730979 0.0002029698
0.0203824350 0.0002382243
0.0205784337 0.0001958972
0.0207937666 0.0001863703
0.0210026697 0.0002354313
0.0211857584 0.0002282522
0.0214070854 0.0001955936
0.0216151000 0.0002444901
0.0218121511 0.0002126664
0.0220202179 0.0001453776
0.0222223726 0.0001733690
0.0224367445 0.0001585625
0.0226363828 0.0001552789
0.0228419704 0.0001768930
0.0230564875 0.0001818093
0.0232495339 0.0001886140
0.0234579397 0.0001525850
0.0236638271 0.0001450854
0.0238620983 0.0001384463
0.0240923473 0.0001592531
0.0242707347 0.0001963343
0.0244875801 0.0001241372
0.0246823755 0.0001098505
0.0249081374 0.0001440769
0.0250988742 0.0001452616
0.0253052906 0.0001605343
0.0255254739 0.0001453499
0.0257099615 0.0001131463
0.0259137833 0.0000846202
0.0261306585 0.0000992440
0.0263370843 0.0001282686
0.0265362979 0.0000940322
0.0267466110 0.0001105339
0.0269327768 0.0001263398
0.0271706292 0.0001047898
0.0273586967 0.0000867057
0.0275767193 0.0000939210
0.0277499193 0.0001170459
0.0279427794 0.0001148528
0.0281837032 0.0000787514
0.0283887730 0.0001006367
0.0285901808 0.0000788656
0.0287936711 0.0000816518
0.0290070855 0.0000673142
0.0292003722 0.0001443324
0.0293952459 0.0001118742
0.0295809460 0.0000816432
0.0298157753 0.0000915081
0.0300311362 0.0000870877
0.0302224466 0.0000738818
0.0304412888 0.0000657060
0.0306109701 0.0000572045
0.0308521007 0.0001056483
0.0310545516 0.0000550378
0.0312340529 0.0000733700
0.0314515949 0.0000716776
0.0316590768 0.0001024360
0.0318488133 0.0000667129
0.0320652527 0.0000939645
0.0322719094 0.0000785274
0.0324601037 0.0000641808
0.0326741141 0.0000675167
0.0328790498 0.0000638139
0.0330668007 0.0000719247
0.0332766649 0.0000745458
0.0334932831 0.0000822072
0.0336786983 0.0000504010
0.0338838947 0.0000660516
0.0341064473 0.0000529587
0.0342897986 0.0000415997
0.0344846872 0.0000708344
0.0347175961 0.0000391809
0.0349306082 0.0000282649
0.0351137434 0.0000784906
0.0353193645 0.0000545337
0.0355041129 0.0000511682
0.0357262780 0.0000430217
0.0359129001 0.0000480485
0.0361159694 0.0000454454
0.0363373560 0.0000342758
0.0365144824 0.0000668824
0.0367489671 0.0000418231
0.0369443772 0.0000530280
0.0371431363 0.0000357388
0.0373538499 0.0000621350
0.0375397903 0.0000393043
0.0377407697 0.0000442833
0.0379365933 0.0000346847
0.0381439951 0.0000515329
0.0383656834 0.0000377654
0.0385684063 0.0000470803
0.0387367410 0.0000456272
0.0389474546 0.0000373011
0.0391450700 0.0000429274
0.0393727188 0.0000161995
0.0395464067 0.0000331364
0.0397685533 0.0000397985
0.0399636206 0.0000308320
0.0401703258 0.0000278954
0.0403568362 0.0000323108
0.0405812142 0.0000275362
0.0407622297 0.0000436597
0.0409844508 0.0000561044
0.0411650975 0.0000229939
0.0413702940 0.0000335435
0.0415838723 0.0000265059
0.0417735343 0.0000258794
0.0419919890 0.0000222301
0.0421812599 0.0000285716
0.0423708473 0.0000332375
0.0425429707 0.0000935931
0.0427768034 0.0000256136
0.0430072312 0.0000354148
0.0431783636 0.0000221640
0.0433538322 0.0000193159
0.0436057960 0.0000250819
0.0437682410 0.0000230977
0.0439681177 0.0000186935
0.0442056907 0.0000274008
0.0443941531 0.0000152622
0.0445600775 0.0000285338
0.0447697145 0.0000193703
0.0449553047 0.0000239345
0.0451964391 0.0000159854
0.0454169502 0.0000507189
0.0455598262 0.0000380029
0.0457809110 0.0000282373
0.0460098264 0.0000176028
0.0461794351 0.0000281717
0.0464136367 0.0000214078
0.0465549407 0.0000216034
0.0468046841 0.0000223576
0.0469616418 0.0000167641
0.0471715433 0.0000098835
0.0473877815 0.0000440986
0.0475767170 0.0000328040
0.0477993888 0.0000349927
0.0479895947 0.0000150097
0.0482074720 0.0000235268
0.0483965379 0.0000328547
0.0485795205 0.0000312204
0.0487896008 0.0000160120
0.0489933443 0.0000347861
0.0491647300 0.0000327724
0.0493442965 0.0000338518
0.0495390398 0.0000351965
0.0497823049 0.0000228951
0.0499348556 0.0000202390
0.0501239103 0.0000291744
0.0503608239 0.0000097080
0.0505573106 0.0000207024
0.0507466634 0.0000087071
0.0509397266 0.0000323426
0.0510933762 0.0000098517
0.0514281531 0.0000215479
0.0515337427 0.0000135708
0.0517461103 0.0000356915
0.0519406562 0.0000216009
0.0521676232 0.0000245349
0.0523046580 0.0000489423
0.0524909114 0.0000139116
0.0527448570 0.0000136981
0.0528762815 0.0000283336
0.0530463074 0.0000158835
0.0533192818 0.0000111103
0.0535143268 0.0000151557
0.0537031842 0.0000145600
0.0538863045 0.0000215063
0.0540879880 0.0000042770
0.0542993275 0.0000070449
0.0545064983 0.0000234174
0.0546884974 0.0000205280
0.0548487072 0.0000211161
0.0550875505 0.0000095432
0.0552527187 0.0000136401
0.0554415536 0.0000205510
0.0556734157 0.0000198080
0.0558171784 0.0000231546
0.0560936061 0.0000130018
0.0562642728 0.0000149073
0.0564582487 0.0000100225
0.0566455563 0.0000318470
0.0568373342 0.0000158823
0.0570365776 0.0000188812
0.0571742010 0.0000121202
0.0573632856 0.0000121401
0.0576324974 0.0000189322
0.0578186353 0.0000103132
0.0580145967 0.0000105386
0.0582307977 0.0000192771
0.0583392260 0.0000232327
0.0585731593 0.0000050355
0.0587621396 0.0000110008
0.0589772453 0.0000179924
0.0591262792 0.0000154257
0.0592776899 0.0000167811
0.0595521581 0.0000036732
0.0597846572 0.0000361377
0.0599145507 0.0000099655
0.0601233979 0.0000111739
0.0603215647 0.0000149311
0.0604147193 0.0000247411
0.0607437481 0.0000126302
0.0608700690 0.0000171586
0.0610812632 0.0000122943
0.0612990399 0.0000055606
0.0614440953 0.0000134214
0.0616706041 0.0000033078
0.0618796487 0.0000088996
0.0620364462 0.0000049564
0.0622449991 0.0000243989
0.0624125813 0.0000069549
0.0626276274 0.0000067128
0.0628217113 0.0000102228
0.0630065044 0.0000017490
0.0632054796 0.0000248703
0.0634316047 0.0000058305
0.0635771220 0.0000098799
0.0637918999 0.0000143290
0.0639443760 0.0000131749
0.0641667088 0.0000068070
0.0643229176 0.0000135111
0.0645962571 0.0000177446
0.0647282143 0.0000087008
0.0648723905 0.0000061033
0.0651291524 0.0000035371
0.0653006797 0.0000073500
0.0655653988 0.0000111482
0.0656671141 0.0000170660
0.0658939992 0.0000194189
0.0660608624 0.0000192139
0.0662106265 0.0000171311
0.0664115463 0.0000018565
0.0666162138 0.0000072093
0.0667856176 0.0000100130
0.0669715171 0.0000043520
0.0672001978 0.0000096120
0.0673913499 0.0000098105
0.0675901164 0.0000209139
0.0677767609 0.0000091340
0.0679533695 0.0000088639
0.0681245466 0.0000250768
0.0683212643 0.0000070387
0.0684780468 0.0000065846
0.0686723282 0.0000044789
0.0689205070 0.0000016184
0.0691221048 0.0000041020
0.0692972680 0.0000244158
0.0694609423 0.0000073776
0.0696099614 0.0000068166
0.0698592280 0.0000144447
0.0700264712 0.0000149636
0.0701625486 0.0000039208
0.0703820278 0.0000032528
0.0706240078 0.0000072534
0.0707316165 0.0000112329
0.0709757124 0.0000147203
0.0710777481 0.0000142013
0.0713324164 0.0000040061
0.0714924251 0.0000056327
0.0716443275 0.0000059240
0.0719307278 0.0000056132
0.0720306997 0.0000084200
0.0722842057 0.0000143391
0.0724054490 0.0000116867
0.0725658675 0.0000095626
0.0728347440 0.0000037103
0.0729608377 0.0000080161
0.0732179646 0.0000056977
0.0733299767 0.0000053580
0.0735735809 0.0000024107
0.0737183382 0.0000119602
0.0738741000 0.0000081581
0.0741107007 0.0000062491
0.0742488195 0.0000058873
0.0744775822 0.0000125218
0.0746568953 0.0000079472
0.0747909461 0.0000071375
0.0749596273 0.0000087155
0.0751407956 0.0000157525
0.0754043673 0.0000114454
0.0754907345 0.0000142479
0.0757333775 0.0000092706
0.0758832832 0.0000052448
0.0760564049 0.0000052368
0.0762292658 0.0000078400
0.0764739503 0.0000083626
0.0766115924 0.0000049966
0.0768938352 0.0000449355
0.0769856040 0.0000082320
0.0772734647 0.0000186748
0.0773613592 0.0000149620
0.0775721883 0.0000037780
0.0777523880 0.0000054725
0.0779304122 0.0000068234
0.0780710419 0.0000053559
0.0781997954 0.0000066930
0.0785006349 0.0000067601
0.0785604705 0.0000079046
0.0788712417 0.0000022083
0.0790249397 0.0000031379
0.0791792263 0.0000046123
0.0793962767 0.0000038050
0.0795555105 0.0000047702
0.0797437866 0.0000070690
0.0799237703 0.0000014008
0.0801443000 0.0000056773
0.0802837600 0.0000011857
0.0804728930 0.0000034548
0.0806282227 0.0000068986
0.0807777782 0.0000158877
0.0809695189 0.0000035585
0.0811714520 0.0000042771
0.0812869658 0.0000069678
0.0814871107 0.0000073450
0.0816685249 0.0000029491
0.0818695267 0.0000066404
0.0820762952 0.0000049738
0.0822173943 0.0000016503
0.0824296688 0.0000082692
0.0825457637 0.0000051417
0.0828026896 0.0000204044
0.0829584588 0.0000171681
0.0830806558 0.0000046134
0.0833038007 0.0000024227
0.0834110891 0.0000020902
0.0836379890 0.0000008332
0.0838448693 0.0000028912
0.0839672526 0.0000011572
0.0841923569 0.0000019888
0.0844198679 0.0000088993
0.0845354115 0.0000065358
0.0846634348 0.0000050258
0.0848968317 0.0000028487
0.0850239013 0.0000059426
0.0852784653 0.0000046552
0.0853990306 0.0000036730
0.0855397050 0.0000031417
0.0857501914 0.0000031054
0.0859421332 0.0000063015
0.0860657831 0.0000109905
0.0862779458 0.0000032438
0.0863819410 0.0000054680
0.0866054957 0.0000020224
0.0867504318 0.0000022764
0.0869406303 0.0000014350
0.0871159499 0.0000007866
0.0873351683 0.0000046545
0.0875021954 0.0000071904
0.0877165933 0.0000013639
0.0878690024 0.0000035917
0.0879584392 0.0000059331
0.0881176730 0.0000074396
0.0883050402 0.0000025175
0.0884706740 0.0000005697
0.0886981105 0.0000036715
0.0888820206 0.0000036856
0.0890563195 0.0000044319
0.0892200311 0.0000062707
0.0893232216 0.0000220397
0.0894907256 0.0000067590
0.0897606378 0.0000013137
0.0898946812 0.0000031581
0.0900639583 0.0000043498
0.0902312686 0.0000184477
0.0903984298 0.0000047922
0.0905609568 0.0000027574
0.0907148113 0.0000086037
0.0908505161 0.0000064596
0.0909573798 0.0000025202
0.0911594917 0.0000120713
0.0913927694 0.0000009067
0.0915770074 0.0000014961
0.0917753940 0.0000005120
0.0919667845 0.0000014160
0.0920843770 0.0000020649
0.0922543545 0.0000045933
0.0924616148 0.0000055018
0.0925945778 0.0000074078
0.0927724903 0.0000058643
0.0928712030 0.0000133043
0.0930313160 0.0000030538
0.0931931277 0.0000026086
0.0932999392 0.0000014615
0.0935725634 0.0000030201
0.0937204425 0.0000019229
0.0938223143 0.0000271034
0.0940928077 0.0000051456
0.0942446728 0.0000118457
0.0943147753 0.0000066137
0.0945921679 0.0000041119
0.0947516476 0.0000039469
0.0948755880 0.0000066686
0.0950475325 0.0000009204
0.0951473703 0.0000005595
0.0954786752 0.0000146281
0.0955731784 0.0000015648
0.0956893106 0.0000031534
0.0958878313 0.0000003643
0.0960485404 0.0000012788
0.0962107767 0.0000039693
0.0963707035 0.0000039530
0.0965079134 0.0000013701
0.0966271524 0.0000042568
0.0967883830 0.0000027031
0.0970427831 0.0000045673
0.0971422930 0.0000018335
0.0973156308 0.0000037177
0.0975081016 0.0000063014
0.0976623883 0.0000014756
0.0977494036 0.0000078044
0.0980089222 0.0000019780
0.0981530388 0.0000033698
0.0982840051 0.0000068304
0.0984714394 0.0000069248
0.0985514288 0.0000088294
0.0987208550 0.0000008726
0.0989166935 0.0000035247
0.0990962301 0.0000011448
0.0991539423 0.0000004165
0.0994200249 0.0000047860
0.0996001800 0.0000014709
0.0997484987 0.0000028366
0.0998319675 0.0000021504
0.1000467454 0.0000138953
0.1001880084 0.0000030147
0.1003673216 0.0000013623
0.1004921560 0.0000025651
0.1006035050 0.0000069598
0.1009185528 0.0000012032
0.1009997939 0.0000035387
0.1011471217 0.0000070814
0.1013763611 0.0000064855
0.1014476259 0.0000091612
0.1015860652 0.0000087158
0.1017048423 0.0000035364
0.1018803333 0.0000072612
0.1020620157 0.0000005028
0.1022654017 0.0000038668
0.1023418968 0.0000133573
0.1026222323 0.0000017681
0.1027444740 0.0000086859
0.1028549363 0.0000051909
0.1029539471 0.0000044479
0.1031041880 0.0000059755
0.1032679443 0.0000051264
0.1033814837 0.0000084907
0.1035999497 0.0000028898
0.1036774282 0.0000026380
0.1039374759 0.0000002221
0.1041188379 0.0000029786
0.1041753953 0.0000073630
0.1043669124 0.0000022738
0.1044602757 0.0000041643
0.1046401625 0.0000111483
0.1047913347 0.0000054247
0.1049588238 0.0000006210
0.1051010554 0.0000033674
0.1052406942 0.0000037685
0.1053508584 0.0000069480
0.1055013900 0.0000027069
0.1056314175 0.0000016690
0.1058626314 0.0000057756
0.1059534614 0.0000025096
0.1060610180 0.0000042056
0.1062653502 0.0000012088
0.1063774963 0.0000011300
0.1065240492 0.0000006977
0.1066484143 0.0000170731
0.1068212678 0.0000002204
0.1069872071 0.0000043832
0.1071588387 0.0000026222
0.1072072004 0.0000039621
0.1073696305 0.0000001084
0.1075636064 0.0000001540
0.1077557271 0.0000009526
0.1078763445 0.0000037068
0.1079820980 0.0000013573
0.1081487973 0.0000001782
0.1082949703 0.0000007659
0.1085203578 0.0000023082
0.1086262231 0.0000015285
0.1087751974 0.0000040897
0.1088515435 0.0000081779
0.1090038781 0.0000121214
0.1091269915 0.0000037364
0.1092556705 0.0000011984
0.1093851392 0.0000022156
0.1095564281 0.0000002962
0.1096678590 0.0000025185
0.1097960089 0.0000101910
0.1099761044 0.0000015705
0.1101220687 0.0000059637
0.1102239628 0.0000004991
0.1104592373 0.0000080021
0.1105502238 0.0000002029
0.1107298275 0.0000053124
0.1107896333 0.0000099950
0.1108767753 0.0000066361
0.1110943099 0.0000001952
0.1112414290 0.0000002924
0.1113551994 0.0000044770
0.1114663025 0.0000054110
0.1116569554 0.0000001342
0.1117425998 0.0000006601
0.1119043817 0.0000004320
0.1120341559 0.0000021116
0.1122316559 0.0000001572
0.1123657887 0.0000043255
0.1124482517 0.0000032680
0.1125451316 0.0000010883
0.1126881902 0.0000043819
0.1128170257 0.0000004875
0.1129484539 0.0000001793
0.1130527918 0.0000085291
0.1132449274 0.0000001175
0.1134071265 0.0000009525
0.1134579693 0.0000014553
0.1135993962 0.0000006174
0.1137708266 0.0000002459
0.1138629978 0.0000007628
0.1140410815 0.0000006117
0.1140893688 0.0000004859
0.1143913706 0.0000110766
0.1144757261 0.0000107643
0.1145764505 0.0000110847
0.1146935289 0.0000032562
0.1147637357 0.0000043095
0.1148683046 0.0000044396
0.1149972667 0.0000026586
0.1150633906 0.0000048943
0.1152803888 0.0000051674
0.1153439795 0.0000000803
0.1154818525 0.0000011569
0.1155666103 0.0000064171
0.1156324585 0.0000097606
0.1158179184 0.0000033775
0.1160470908 0.0000005073
0.1160843064 0.0000035322
0.1163023402 0.0000004500
0.1164734279 0.0000037235
0.1164903631 0.0000001725
0.1165698533 0.0000000212
0.1167035093 0.0000015824
0.1168755730 0.0000008177
0.1169318025 0.0000043778
0.1170581048 0.0000021913
0.1172388484 0.0000072588
0.1173088242 0.0000020004
0.1173980002 0.0000009803
0.1174601977 0.0000008502
0.1176179488 0.0000018319
0.1176749234 0.0000136701
0.1177665283 0.0000117895
0.1179722314 0.0000024442
0.1181025644 0.0000015810
0.1181402196 0.0000001244
0.1183108230 0.0000000651
0.1184508790 0.0000023323
0.1185466488 0.0000036411
0.1186041375 0.0000017743
0.1186945354 0.0000000214
0.1188368042 0.0000054177
0.1189290946 0.0000000344
0.1190726002 0.0000146393
0.1191072528 0.0000001190
0.1192879294 0.0000016541
0.1193885346 0.0000011887
0.1194828143 0.0000019336
0.1195364063 0.0000006842
0.1196379428 0.0000000752
0.1197407012 0.0000020256
0.1199326505 0.0000031477
0.1199824502 0.0000071710
0.1201430996 0.0000072908
0.1202904870 0.0000005311
0.1203256537 0.0000069267
0.1204640483 0.0000098179
0.1206100275 0.0000026069
0.1206938316 0.0000001406
0.1207360764 0.0000010982
0.1209229221 0.0000000492
0.1209999909 0.0000001542
0.1211494570 0.0000028224
0.1211992567 0.0000012793
0.1212139567 0.0000011164
0.1214388971 0.0000008243
0.1215263371 0.0000000267
0.1216522445 0.0000000769
0.1217879047 0.0000051737
0.1219334667 0.0000016186
0.1219842275 0.0000001098
0.1220602905 0.0000001459
0.1221149852 0.0000002130
0.1221895506 0.0000090192
0.1224197884 0.0000000066
0.1224679564 0.0000001488
0.1226534908 0.0000023477
0.1227374067 0.0000087205
0.1227916767 0.0000016476
0.1230305125 0.0000019662
0.1230754544 0.0000005692
0.1232130666 0.0000021079
0.1232658987 0.0000007072
0.1234237020 0.0000000180
0.1234785606 0.0000002760
0.1236604069 0.0000011224
0.1237668757 0.0000071202
0.1238031675 0.0000029292
0.1238706474 0.0000069404
0.1241514375 0.0000000207
0.1242137392 0.0000000723
0.1243612235 0.0000005031
0.1244511073 0.0000009183
0.1246518110 0.0000000575
0.1247371127 0.0000013500
0.1248302152 0.0000043402
0.1248862733 0.0000105326
0.1249731694 0.0000004405
0.1250319545 0.0000142821
0.1251557310 0.0000003889
0.1253379946 0.0000004276
0.1254238029 0.0000000355
0.1254467731 0.0000130004
0.1256706779 0.0000000000
0.1258278553 0.0000004612
0.1258991574 0.0000024035
0.1259980415 0.0000035366
0.1260831122 0.0000008502
0.1261079376 0.0000046222
0.1264302944 0.0000059210
0.1264314269 0.0000010562
0.1265987669 0.0000050875
0.1267006611 0.0000010300
0.1267995005 0.0000001220
0.1270177131 0.0000000002
0.1270723407 0.0000041516
0.1271194284 0.0000025817
0.1273662363 0.0000039990
0.1274933283 0.0000000683
0.1275477921 0.0000018756
0.1275770729 0.0000003027
0.1278087859 0.0000002888
0.1278802370 0.0000000178
0.1279950206 0.0000003923
0.1282065575 0.0000009098
0.1282472675 0.0000013823
0.1283690845 0.0000011631
0.1284949099 0.0000013033
0.1285407757 0.0000001879
0.1285916631 0.0000003486
0.1287121539 0.0000019918
0.1287457709 0.0000017143
0.1289186989 0.0000035231
0.1289750998 0.0000013226
0.1290872757 0.0000019875
0.1292759244 0.0000023410
0.1293732588 0.0000031490
0.1295858537 0.0000009671
0.1296204840 0.0000009664
0.1298638796 0.0000006955
0.1299120252 0.0000000204
0.1300678467 0.0000000067
0.1302081262 0.0000028694
0.1303063695 0.0000003802
0.1303248470 0.0000000267
0.1303424155 0.0000020655
0.1306309913 0.0000016039
0.1307150488 0.0000028927
0.1309862201 0.0000013466
0.1311085885 0.0000034892
0.1312580769 0.0000000792
0.1313023930 0.0000022656
0.1315497969 0.0000136162
0.1315674846 0.0000054403
0.1316926544 0.0000016717
0.1318910782 0.0000003849
0.1321481382 0.0000000002
0.1322325681 0.0000004820
0.1322515075 0.0000000122
0.1323102628 0.0000029236
0.1325455223 0.0000007408
0.1326524680 0.0000022724
0.1327359592 0.0000148973
0.1329442923 0.0000018826
0.1330311959 0.0000000010
0.1332111125 0.0000005107
0.1333044385 0.0000028425
0.1334221278 0.0000002040
0.1334469234 0.0000019991
0.1335644786 0.0000009174
0.1337407296 0.0000002263
0.1338371848 0.0000000063
0.1339848553 0.0000002030
0.1340760057 0.0000015331
0.1342504536 0.0000010876
0.1343445991 0.0000044203
0.1345419203 0.0000029741
0.1346575831 0.0000051659
0.1348484521 0.0000000018
0.1349175935 0.0000001362
0.1349624907 0.0000008414
0.1351882433 0.0000020452
0.1354114478 0.0000015559
0.1354910349 0.0000093714
0.1355752115 0.0000004075
0.1357546066 0.0000000454
0.1358362948 0.0000000321
0.1360630010 0.0000006906
0.1362627958 0.0000014771
0.1363448863 0.0000015664
0.1364356493 0.0000004436
0.1368672912 0.0000020216
0.1368898814 0.0000033520
0.1369303678 0.0000073141
0.1369855170 0.0000120319
0.1370411133 0.0000024010
0.1373235201 0.0000000045
0.1375346844 0.0000012585
0.1376563524 0.0000001433
0.1378532563 0.0000000390
0.1379097019 0.0000060869
0.1381315504 0.0000009679
0.1382796978 0.0000023624
0.1383658265 0.0000027281
0.1385926967 0.0000004579
0.1386313205 0.0000039962
0.1387324696 0.0000016620
0.1388776069 0.0000008625
0.1390281235 0.0000016820
0.1391329830 0.0000022373
0.1391783719 0.0000004193
0.1393890743 0.0000001892
0.1395087157 0.0000000399
0.1395794665 0.0000069769
0.1397153949 0.0000001946
0.1398684298 0.0000036548
0.1400414174 0.0000000178
0.1404223506 0.0000007877
0.1405718689 0.0000005344
0.1406394010 0.0000004543
0.1408243244 0.0000001240
0.1409928714 0.0000009936
0.1410175626 0.0000000921
0.1411033039 0.0000145628
0.1412213062 0.0000001403
0.1414875304 0.0000000164
0.1416329806 0.0000007698
0.1418002312 0.0000027129
0.1418628459 0.0000043927
0.1420336728 0.0000123540
0.1422078823 0.0000007484
0.1423145448 0.0000001014
0.1423326199 0.0000000078
0.1424737339 0.0000000078
0.1425879811 0.0000001465
0.1427688216 0.0000000088
0.1428922926 0.0000000056
0.1430338387 0.0000000650
0.1431663995 0.0000008670
0.1433437382 0.0000003738
0.1434861188 0.0000000273
0.1435800259 0.0000105765
0.1436233436 0.0000019219
0.1439494406 0.0000058002
0.1441578035 0.0000015746
0.1442194049 0.0000000010
0.1445225989 0.0000070419
0.1446227943 0.0000024181
0.1446775411 0.0000007781
0.1447853808 0.0000000046
0.1448457901 0.0000011740
0.1452273344 0.0000021041
0.1452921693 0.0000000345
0.1454280381 0.0000007061
0.1454859887 0.0000036494
0.1457321261 0.0000002913
0.1457908665 0.0000000035
0.1458982592 0.0000008681
0.1460722302 0.0000000019
0.1463074450 0.0000000003
0.1463894163 0.0000018503
0.1464635198 0.0000015969
0.1466398751 0.0000002231
0.1467961733 0.0000025041
0.1472246264 0.0000016604
0.1472998177 0.0000000148
0.1473530595 0.0000000004
0.1475204592 0.0000013911
0.1477593099 0.0000035428
0.1478823190 0.0000067396
0.1481185173 0.0000005454
0.1482549374 0.0000020417
0.1483318870 0.0000013670
0.1485295956 0.0000005186
0.1486612474 0.0000265665
0.1489256983 0.0000005837
0.1491090720 0.0000015359
0.1492669200 0.0000001065
0.1493702297 0.0000013944
0.1495597576 0.0000000019
0.1498473649 0.0000025013
0.1499299173 0.0000026437
0.1501133059 0.0000000128
0.1502348398 0.0000028802
0.1503641670 0.0000004162
0.1504369442 0.0000005543
0.1506435339 0.0000006644
0.1507921134 0.0000077729
0.1508493190 0.0000014366
0.1512711858 0.0000015026
0.1513942395 0.0000003385
0.1514084851 0.0000002799
0.1517034684 0.0000000527
0.1518545215 0.0000277443
0.1520679806 0.0000003542
0.1521169310 0.0000003100
0.1522657638 0.0000001964
0.1523352181 0.0000038666
0.1524714445 0.0000013050
0.1526273404 0.0000029182
0.1526565616 0.0000001236
0.1527839814 0.0000009769
0.1530443494 0.0000002485
0.1532462453 0.0000028912
0.1532955085 0.0000003535
0.1534717445 0.0000031028
0.1537216966 0.0000012010
0.1539081399 0.0000123849
0.1542347734 0.0000038632
0.1543495421 0.0000075382
0.1543512707 0.0000000019
0.1545883332 0.0000005650
0.1546658342 0.0000012834
0.1548799192 0.0000001007
0.1549406414 0.0000003815
0.1551792686 0.0000101768
0.1552315419 0.0000006092
0.1553565477 0.0000012598
0.1556061422 0.0000022888
0.1557693844 0.0000000174
0.1558945839 0.0000013043
0.1560929035 0.0000096371
0.1563623165 0.0000002410
0.1565987532 0.0000035399
0.1566601758 0.0000011065
0.1569379334 0.0000009261
0.1571727906 0.0000026300
0.1572691267 0.0000090077
0.1573889171 0.0000096314
0.1574577754 0.0000001177
0.1577800875 0.0000091223
0.1579175656 0.0000130865
0.1580881243 0.0000009670
0.1582711105 0.0000034586
0.1584878181 0.0000033576
0.1585176950 0.0000015151
0.1589080011 0.0000010228
0.1590929990 0.0000080919
0.1592619781 0.0000009846
0.1594231342 0.0000005911
0.1596714770 0.0000045020
0.1599934165 0.0000070680
0.1601274376 0.0000000337
0.1603014832 0.0000053285
0.1604090248 0.0000118175
0.1606867825 0.0000000023
0.1607969468 0.0000084976
0.1608755206 0.0000000052
0.1612308835 0.0000040648
0.1613114243 0.0000005801
0.1614132737 0.0000008376
0.1616955762 0.0000009576
0.1618626182 0.0000010257
0.1620431458 0.0000011423
0.1621351604 0.0000000804
0.1623501693 0.0000011211
0.1623852466 0.0000000908
0.1626115059 0.0000111791
0.1628632312 0.0000034107
0.1630666916 0.0000029703
0.1631584977 0.0000035251
0.1634538387 0.0000000669
0.1635731821 0.0000084072
0.1638439809 0.0000003746
0.1641779755 0.0000194456
0.1644151871 0.0000047094
0.1644512032 0.0000064975
0.1645503854 0.0000003410
0.1647314792 0.0000003289
0.1648418074 0.0000087239
0.1650086259 0.0000001326
0.1652812277 0.0000000838
0.1655095582 0.0000010109
0.1655357693 0.0000002985
0.1658085798 0.0000105354
0.1659704511 0.0000058929
0.1664543067 0.0000070755
0.1665768688 0.0000011274
0.1667588716 0.0000061481
0.1670099710 0.0000000728
0.1670997058 0.0000019112
0.1673260694 0.0000053838
0.1674833213 0.0000001507
0.1677412455 0.0000004235
0.1677848016 0.0000075360
0.1682752435 0.0000022396
0.1682756160 0.0000047468
0.1684615825 0.0000046686
0.1686183428 0.0000000716
0.1690821116 0.0000101480
0.1693258350 0.0000044695
0.1695454334 0.0000015714
0.1697815125 0.0000000003
0.1698792492 0.0000028257
0.1703507071 0.0000001615
0.1704507833 0.0000004173
0.1705560600 0.0000003921
0.1707608913 0.0000009921
0.1710029905 0.0000007115
0.1711372797 0.0000046818
0.1713569527 0.0000038743
0.1714956825 0.0000025123
0.1717061018 0.0000029109
0.1718685840 0.0000016583
0.1720784371 0.0000077200
0.1722458218 0.0000132066
0.1725798910 0.0000016387
0.1726574962 0.0000001327
0.1729055856 0.0000001161
0.1731251990 0.0000020558
0.1736423438 0.0000000123
0.1737922792 0.0000036562
0.1739598130 0.0000000008
0.1743939434 0.0000210109
0.1745464568 0.0000000320
0.1747546856 0.0000019227
0.1749883657 0.0000063144
0.1750898724 0.0000000897
0.1753115569 0.0000012639
0.1754933958 0.0000001904
0.1757850860 0.0000064216
0.1761949127 0.0000022398
0.1764446114 0.0000006741
0.1766385947 0.0000000177
0.1767787849 0.0000020921
0.1772250299 0.0000005799
0.1773545806 0.0000000070
0.1774697368 0.0000008801
0.1781982844 0.0000140733
0.1782291149 0.0000015714
0.1782537614 0.0000014883
0.1785817807 0.0000000439
0.1787998443 0.0000000926
0.1789533262 0.0000057997
0.1791236465 0.0000010494
0.1795169775 0.0000000163
0.1796650802 0.0000000029
0.1798979704 0.0000012079
0.1802025204 0.0000014374
0.1804375862 0.0000034931
0.1807910119 0.0000012007
0.1811954145 0.0000000908
0.1814516996 0.0000021787
0.1815095012 0.0000151137
0.1817548488 0.0000006578
0.1819059466 0.0000020257
0.1824720268 0.0000010727
0.1828662668 0.0000148031
0.1830094819 0.0000005890
0.1830803220 0.0000001810
0.1835742806 0.0000003233
0.1837320392 0.0000020875
0.1838273172 0.0000021873
0.1840212559 0.0000095308
0.1842046593 0.0000076142
0.1844905977 0.0000001327
0.1847094362 0.0000047925
0.1848783855 0.0000005939
0.1854698126 0.0000000018
0.1857999628 0.0000000845
0.1861160462 0.0000115317
0.1863065277 0.0000012424
0.1865238016 0.0000015940
0.1869264309 0.0000002530
0.1872695898 0.0000003042
0.1874774908 0.0000033593
0.1880635833 0.0000005186
0.1881229346 0.0000002614
0.1883708899 0.0000040037
0.1886750375 0.0000051703
0.1888744448 0.0000000095
0.1891300594 0.0000069171
0.1894138967 0.0000131678
0.1895737563 0.0000000001
0.1898241853 0.0000060271
0.1902422969 0.0000000824
0.1906659667 0.0000020888
0.1911429529 0.0000015707
0.1914205019 0.0000042722
0.1917087798 0.0000000105
0.1918848817 0.0000001462
0.1923705255 0.0000200532
0.1924965893 0.0000001251
0.1930484985 0.0000035917
0.1932840263 0.0000027610
0.1934730326 0.0000039052
0.1937956129 0.0000011439
0.1941100274 0.0000004620
0.1941960220 0.0000003976
0.1946049993 0.0000000468
0.1950514679 0.0000038653
0.1952966367 0.0000001884
0.1955822771 0.0000052703
0.1956297224 0.0000027710
0.1962477480 0.0000003347
0.1964924698 0.0000012572
0.1967778568 0.0000039860
0.1972551112 0.0000003980
0.1976837133 0.0000006388
0.1979318027 0.0000000376
0.1980609958 0.0000001563
0.1986128156 0.0000000379
0.1991297965 0.0000011451
0.1993018602 0.0000000743
0.1996261840 0.0000002062
0.2003548359 0.0000019919
0.2007191544 0.0000011050
0.2008106475 0.0000003704
0.2013782178 0.0000019771
0.2017309730 0.0000081015
0.2022684430 0.0000023112
0.2025439506 0.0000002744
0.2029392337 0.0000004400
0.2031730627 0.0000005051
0.2033984725 0.0000012346
0.2036427622 0.0000000425
0.2038870667 0.0000000353
0.2042526965 0.0000129070
0.2044795667 0.0000134179
0.2051481818 0.0000000313
0.2054953938 0.0000006556
0.2057217424 0.0000014706
0.2062449967 0.0000016993
0.2063712244 0.0000000139
0.2067441707 0.0000040786
0.2071774666 0.0000005510
0.2072954391 0.0000042596
0.2080385004 0.0000006634
0.2082950388 0.0000041044
0.2084504877 0.0000126799
0.2093489830 0.0000018069
0.2095857625 0.0000067237
0.2099690502 0.0000070924
0.2102238898 0.0000045281
0.2104640667 0.0000012053
0.2105331932 0.0000054403
0.2108623748 0.0000047601
0.2111404901 0.0000068542
0.2116466825 0.0000048120
0.2120061134 0.0000038556
0.2120882039 0.0000034988
0.2126772170 0.0000116548
0.2133368467 0.0000013280
0.2135221128 0.0000000414
0.2140351151 0.0000005694
0.2145149623 0.0000038845
0.2147717242 0.0000019173
0.2154335295 0.0000003977
0.2157687609 0.0000037889
0.2160816406 0.0000009931
0.2167168622 0.0000004967
0.2169117843 0.0000000479
0.2175809954 0.0000048144
0.2177336578 0.0000087840
0.2178585743 0.0000078732
0.2183791910 0.0000001585
0.2187911038 0.0000019293
0.2189684575 0.0000049717
0.2194441770 0.0000001214
0.2198446457 0.0000000984
0.2202864801 0.0000081084
0.2208209102 0.0000008888
0.2211784040 0.0000011707
0.2218810682 0.0000001556
0.2224666690 0.0000000656
0.2229283516 0.0000000805
0.2233548676 0.0000061832
0.2238648747 0.0000038952
0.2244020616 0.0000003224
0.2244350528 0.0000049454
0.2250452553 0.0000011281
0.2255748575 0.0000028355
0.2259955471 0.0000002419
0.2264639651 0.0000004024
0.2272327309 0.0000017563
0.2276886319 0.0000007696
0.2281907116 0.0000000063
0.2284829532 0.0000002276
0.2286866223 0.0000002292
0.2288727080 0.0000104644
0.2297443067 0.0000017618
0.2299784039 0.0000032421
0.2308141952 0.0000003037
0.2311368798 0.0000010125
0.2315352474 0.0000005472
0.2319763814 0.0000045013
0.2321861749 0.0000024312
0.2323398654 0.0000005494
0.2327488427 0.0000131743
0.2331731086 0.0000080974
0.2335881506 0.0000054023
0.2338747149 0.0000054172
0.2345271175 0.0000026581
0.2350659882 0.0000053853
0.2354122614 0.0000002991
0.2356930439 0.0000003322
0.2361364280 0.0000032493
0.2369977896 0.0000027727
0.2382278954 0.0000000020
0.2383763407 0.0000042411
0.2390626882 0.0000029975
0.2395647680 0.0000051940
0.2400470887 0.0000024848
0.2402943586 0.0000027690
0.2410583113 0.0000015796
0.2412770008 0.0000000468
0.2418459867 0.0000000063
0.2422710721 0.0000068682
0.2434482788 0.0000083311
0.2435771440 0.0000010898
0.2438061302 0.0000001954
0.2445764606 0.0000006527
0.2449120049 0.0000007817
0.2454969351 0.0000006681
0.2460053926 0.0000022776
0.2463066940 0.0000011016
0.2477500801 0.0000040924
0.2489328300 0.0000001755
0.2498868917 0.0000007476
0.2501116608 0.0000000262
0.2511316900 0.0000004225
0.2520044808 0.0000072369
0.2525895600 0.0000062616
0.2529882853 0.0000043756
0.2539927726 0.0000193391
0.2542595928 0.0000055757
0.2550434833 0.0000005027
0.2560937767 0.0000001399
0.2566174333 0.0000005650
0.2572465007 0.0000001107
0.2575438683 0.0000177042
0.2585548227 0.0000000857
0.2590482001 0.0000122391
0.2592316930 0.0000005556
0.2598128383 0.0000063791
0.2609852021 0.0000062219
0.2617237036 0.0000081405
0.2628164952 0.0000045445
0.2633206015 0.0000063177
0.2640009885 0.0000005917
0.2646514540 0.0000003490
0.2648772066 0.0000002069
0.2657889490 0.0000012902
0.2663551931 0.0000006458
0.2678940659 0.0000022616
0.2684866850 0.0000022250
0.2692781155 0.0000040707
0.2695404356 0.0000000137
0.2696686749 0.0000024020
0.2700906162 0.0000003426
0.2717219656 0.0000030402
0.2725272839 0.0000018735
0.2738661532 0.0000003577
0.2747909789 0.0000040888
0.2750898962 0.0000001770
0.2760857706 0.0000000929
0.2766599422 0.0000000253
0.2768945162 0.0000024748
0.2785177295 0.0000024737
0.2795166438 0.0000041440
0.2805538242 0.0000024558
0.2823066180 0.0000003601
0.2829888229 0.0000024491
0.2837509577 0.0000061665
0.2840671604 0.0000041970
0.2861149673 0.0000012858
0.2867280607 0.0000020201
0.2879162495 0.0000001107
0.2887891297 0.0000000198
0.2903043096 0.0000004278
0.2913756435 0.0000029670
0.2924518650 0.0000017006
0.2941024070 0.0000007603
0.2949818139 0.0000014882
0.2952119772 0.0000005701
0.2963526015 0.0000014100
0.2970560257 0.0000048857
0.2999264364 0.0000001342
0.3011079495 0.0000030616
0.3013792698 0.0000014249
0.3020041947 0.0000003820
0.3035837476 0.0000004862
0.3043320243 0.0000050560
0.3057437007 0.0000029695
0.3065093224 0.0000006944
0.3079134588 0.0000013826
0.3089951341 0.0000034474
0.3105206554 0.0000002873
0.3106400733 0.0000015904
0.3125242655 0.0000000001
0.3127458756 0.0000039553
0.3139082854 0.0000033045
0.3152509694 0.0000001801
0.3156822686 0.0000082009
0.3171415691 0.0000000466
0.3188851242 0.0000018000
0.3206180696 0.0000007934
0.3224825029 0.0000001714
0.3236695890 0.0000000923
0.3250453835 0.0000006990
0.3258890574 0.0000000034
0.3284677331 0.0000022065
0.3291396861 0.0000063093
0.3303617303 0.0000000150
0.3313747113 0.0000000043
0.3324619894 0.0000019374
0.3345039253 0.0000001783
0.3349815075 0.0000005468
0.3361417120 0.0000023323
0.3365587656 0.0000007975
0.3383727138 0.0000007860
0.3407078152 0.0000004298
0.3425543373 0.0000019448
0.3441404765 0.0000004304
0.3445350294 0.0000002311
0.3466664915 0.0000009671
0.3481338089 0.0000046668
0.3503534858 0.0000026084
0.3507866626 0.0000010277
0.3522609239 0.0000020760
0.3527477448 0.0000042370
0.3544698124 0.0000000392
0.3559332256 0.0000015301
0.3576300507 0.0000052599
0.3597050076 0.0000000003
0.3600615327 0.0000001669
0.3627666299 0.0000025764
0.3634228175 0.0000012407
0.3638520007 0.0000003580
0.3678340678 0.0000002004
0.3688851361 0.0000003727
0.3710000579 0.0000020625
0.3742958968 0.0000023021
0.3761788075 0.0000051680
0.3795744841 0.0000000458
0.3812816207 0.0000003798
0.3815733855 0.0000082449
0.3836028342 0.0000012457
0.3875318234 0.0000010812
0.3919856017 0.0000009384
0.3939159875 0.0000000025
0.3945210342 0.0000000543
0.3972447281 0.0000006732
0.4004120891 0.0000016182
0.4023994272 0.0000147178
0.4062335854 0.0000072429
0.4092353349 0.0000115913
0.4111056690 0.0000000694
0.4122510021 0.0000003659
0.4132684236 0.0000077032
0.4167031412 0.0000012709
0.4199765687 0.0000001292
0.4209183519 0.0000013939
0.4245994155 0.0000021183
0.4257145886 0.0000000003
0.4272240167 0.0000039511
0.4300752943 0.0000217072
0.4327017729 0.0000000009
0.4368953173 0.0000029711
0.4395170574 0.0000036546
0.4482239847 0.0000002013
0.4495386248 0.0000002255
0.4518367116 0.0000043303
0.4549294178 0.0000055567
0.4554666941 0.0000001147
0.4592875605 0.0000027062
0.4620482092 0.0000097233
0.4677255218 0.0000203502
0.4678689306 0.0000017924
0.4743106430 0.0000000224
0.4778583114 0.0000005480
0.4799080853 0.0000024196
0.4857490127 0.0000000027
0.4888800447 0.0000024139
0.4931168323 0.0000005323
0.4946521883 0.0000024987
0.4985568290 0.0000047475
0.5019293790 0.0000002757
0.5065341954 0.0000009419
0.5095319514 0.0000011327
0.5132965212 0.0000001040
0.5157773261 0.0000005696
0.5219481354 0.0000048646
0.5258338218 0.0000010890
0.5297499065 0.0000021535
0.5314571624 0.0000019933
0.5367629294 0.0000039116
0.5404582982 0.0000010836
0.5442879562 0.0000008682
0.5485416417 0.0000041777
0.5500135784 0.0000010803
0.5565483336 0.0000006204
0.5604457622 0.0000003694
0.5665538673 0.0000033095
0.5696260695 0.0000040585
0.5740566020 0.0000018310
0.5782456760 0.0000007049
0.5855322843 0.0000005754
0.5892008905 0.0000067115
0.5932868485 0.0000013088
0.5986333256 0.0000005272
0.6067418818 0.0000040084
0.6120818024 0.0000000945
0.6187134748 0.0000000238
0.6268379455 0.0000004701
0.6291317110 0.0000078606
0.6347419386 0.0000011071
0.6430999403 0.0000005740
0.6538771157 0.0000000601
0.6619488959 0.0000030209
0.6667387252 0.0000041395
0.6675022607 0.0000009325
0.6741413240 0.0000000570
0.6789509420 0.0000048505
0.6862091784 0.0000053242
0.6915354495 0.0000000201
0.7050247555 0.0000001033
0.7251708870 0.0000000122
0.7304894094 0.0000008445
0.7401098971 0.0000001745
0.7477888827 0.0000000308
0.7678942447 0.0000001616
0.7705242996 0.0000002188
0.7737270956 0.0000006585
0.7842681770 0.0000002760
0.7853992348 0.0000085348
0.8049767380 0.0000007288
0.8151972656 0.0000004932
0.8192873363 0.0000038893
0.8282935386 0.0000004700
0.8422833447 0.0000108354
0.8520979052 0.0000008869
0.8568375473 0.0000009049
0.8614005213 0.0000013409
0.8712425594 0.0000044499
0.8854802017 0.0000000390
0.8966844444 0.0000106312
0.9128849869 0.0000000403
0.9250566130 0.0000038700
0.9335624342 0.0000000342
0.9517357116 0.0000002797
0.9599241381 0.0000003686
0.9836151366 0.0000004577
1.0038627748 0.0000031278
1.0217575197 0.0000000003
1.0355010395 0.0000005070
1.0426265364 0.0000000491
1.0684723024 0.0000044296
1.0786184435 0.0000006686
1.1032437449 0.0000003920
1.1201641922 0.0000009493
1.1377170448 0.0000011076
1.1508361464 0.0000003721
1.1851162081 0.0000002281
1.1892501478 0.0000007060
1.2088823681 0.0000063886
1.2314684753 0.0000006228
1.2568656569 0.0000002887
1.2723966007 0.0000022887
1.3274286156 0.0000067554
1.3282842999 0.0000030824
1.3672852879 0.0000023741
1.3810466890 0.0000011037
1.4105854397 0.0000000215
1.4478586082 0.0000013437
1.5079604750 0.0000000034
1.5426347618 0.0000045663
1.6111258631 0.0000003900
1.6709419851 0.0000146520
1.7150516872 0.0000000104
1.7280673151 0.0000004484
1.7450132732 0.0000037467
1.8104800348 0.0000003334
1.8682500486 0.0000001672
1.9846314554 0.0000007000
2.1151745682 0.0000001881
2.1645627384 0.0000007171
2.2426913147 0.0000000699
2.3806960945 0.0000000155
2.5623188381 0.0000080953
2.6198742752 0.0000050208
2.8026144867 0.0000000405
2.8163457279 0.0000029416
2.9415145283 0.0000035960
3.0086558228 0.0000006622
3.4427321320 0.0000006914
3.8203623657 0.0000009642
4.1137669449 0.0000020727
4.2091710930 0.0000003705
4.6304967766 0.0000002550
5.2144720917 0.0000000094
5.5394637947 0.0000024948
5.8545806770 0.0000006818
6.1679780846 0.0000000404
6.4792588120 0.0000000284
7.2092626457 0.0000003657
8.8116629486 0.0000006223
9.4158337479 0.0000046103
9.7233221893 0.0000016339
10.0909426575 0.0000014173
11.6491282349 0.0000000548
12.6414454346 0.0000000000
16.0896952515 0.0000006849
18.0396483307 0.0000018069
19.5247824554 0.0000013520
21.1820948486 0.0000000687
27.3090994720 0.0000262975
31.8575346832 0.0000015622
37.5600703125 0.0000031471
41.9086459045 0.0000090971
47.6583216553 0.0000000857
50.2272532349 0.0000000413
55.9402010803 0.0000004817
73.1411860352 0.0000049319
82.6516535645 0.0000104003
118.3072016602 0.0000006562
153.9587977295 0.0000002287
198.4130213623 0.0000000649
257.9044306641 0.0000028823
