-9.5519764786 0.0000001800
-8.3445914154 0.0000027343
-8.0517495041 0.0000001617
-7.8187764053 0.0000019856
-7.4962666397 0.0000053443
-7.1531551247 0.0000000382
-6.9868724709 0.0000015042
-6.8780501251 0.0000000327
-6.4944122200 0.0000020024
-6.3183420067 0.0000005710
-6.0905750160 0.0000004375
-5.8328216438 0.0000030186
-5.7853296165 0.0000105315
-5.6231058006 0.0000024697
-5.5477707748 0.0000006837
-5.2860086327 0.0000017586
-5.2551739578 0.0000041614
-5.1982710724 0.0000007734
-5.0757778053 0.0000009388
-5.0430648689 0.0000001259
-4.9282477264 0.0000000037
-4.8503620987 0.0000027395
-4.7842638855 0.0000008732
-4.6837647324 0.0000030104
-4.6083815460 0.0000054216
-4.4837692146 0.0000009562
-4.4423811798 0.0000000963
-4.4030831223 0.0000057066
-4.3338821297 0.0000000497
-4.3121536140 0.0000000399
-4.1805780296 0.0000000195
-4.1552889709 0.0000007856
-4.0913045769 0.0000023227
-4.0656865005 0.0000024323
-4.0053251152 0.0000040038
-3.9969828491 0.0000008095
-3.9467683201 0.0000008383
-3.8888695602 0.0000010705
-3.8749721413 0.0000001209
-3.8540370827 0.0000000037
-3.8227467899 0.0000012261
-3.8157775764 0.0000011251
-3.7458727722 0.0000000164
-3.7195625668 0.0000004708
-3.6796341305 0.0000011082
-3.6550422077 0.0000021089
-3.6139800911 0.0000000026
-3.5715072517 0.0000076502
-3.5556354885 0.0000034623
-3.5040507679 0.0000001357
-3.4955082302 0.0000036064
-3.4691367512 0.0000000072
-3.4359784489 0.0000003202
-3.4217844372 0.0000019079
-3.3835578327 0.0000002657
-3.3680165176 0.0000002982
-3.3325865631 0.0000000831
-3.3168337708 0.0000000422
-3.3009360199 0.0000027903
-3.2734001045 0.0000102020
-3.2641191845 0.0000004065
-3.2546170120 0.0000061157
-3.2206719284 0.0000014566
-3.1899035339 0.0000000224
-3.1684165363 0.0000060258
-3.1599393253 0.0000001484
-3.1554093723 0.0000062554
-3.1230948334 0.0000031439
-3.1074421768 0.0000016271
-3.0950262909 0.0000001639
-3.0789642696 0.0000027296
-3.0621464615 0.0000075411
-3.0391457443 0.0000015763
-3.0293178921 0.0000010066
-3.0067236786 0.0000003964
-2.9988205795 0.0000033225
-2.9947364693 0.0000001220
-2.9748230343 0.0000011696
-2.9619009857 0.0000001857
-2.9195289974 0.0000049744
-2.9125447636 0.0000007608
-2.8957167034 0.0000035718
-2.8856046562 0.0000047871
-2.8831403618 0.0000018915
-2.8727937107 0.0000055527
-2.8539908295 0.0000013446
-2.8321068649 0.0000000400
-2.8219969635 0.0000023869
-2.8064492111 0.0000001951
-2.8011067276 0.0000013842
-2.7916984921 0.0000002867
-2.7848637466 0.0000000824
-2.7760341530 0.0000002931
-2.7694332962 0.0000016519
-2.7455535297 0.0000107287
-2.7291307812 0.0000000138
-2.7185669308 0.0000000137
-2.7101266747 0.0000001827
-2.7008028393 0.0000013695
-2.6810055141 0.0000000141
-2.6710040932 0.0000038081
-2.6613181000 0.0000011875
-2.6482992535 0.0000005677
-2.6284270649 0.0000002652
-2.6236656075 0.0000007287
-2.6186526184 0.0000077483
-2.6059203510 0.0000044978
-2.5854871635 0.0000005105
-2.5728099709 0.0000023783
-2.5638068085 0.0000004545
-2.5550194149 0.0000046443
-2.5448613529 0.0000000048
-2.5346084003 0.0000027975
-2.5304713612 0.0000000603
-2.5085163479 0.0000070550
-2.5056751137 0.0000000256
-2.4919410114 0.0000009184
-2.4880774384 0.0000015263
-2.4818346863 0.0000012492
-2.4732091789 0.0000094388
-2.4577069645 0.0000028051
-2.4539523487 0.0000003438
-2.4461057549 0.0000000460
-2.4291301136 0.0000000744
-2.4253912334 0.0000000659
-2.4193363552 0.0000004757
-2.4153180485 0.0000016553
-2.4023790722 0.0000038904
-2.3969660168 0.0000024547
-2.3841643696 0.0000025716
-2.3799190884 0.0000001233
-2.3772991066 0.0000001007
-2.3702271347 0.0000005489
-2.3599911098 0.0000001351
-2.3490596180 0.0000001730
-2.3426006203 0.0000016572
-2.3389499550 0.0000005558
-2.3242831593 0.0000004464
-2.3141310577 0.0000000837
-2.3110206490 0.0000064564
-2.3039543991 0.0000029487
-2.3017814522 0.0000002481
-2.2892082100 0.0000001710
-2.2840454941 0.0000001420
-2.2804179554 0.0000004118
-2.2734895115 0.0000028278
-2.2726583843 0.0000001238
-2.2546556358 0.0000036863
-2.2478254204 0.0000067486
-2.2359500294 0.0000004447
-2.2286391621 0.0000001556
-2.2274678116 0.0000000539
-2.2246814137 0.0000000346
-2.2132521038 0.0000021417
-2.2120793228 0.0000026005
-2.2056599026 0.0000008906
-2.1955116158 0.0000013102
-2.1851830845 0.0000016533
-2.1792135601 0.0000061093
-2.1700089340 0.0000000182
-2.1676576500 0.0000007888
-2.1639244919 0.0000007369
-2.1525369053 0.0000002627
-2.1462564831 0.0000044886
-2.1395917301 0.0000000471
-2.1378231411 0.0000000921
-2.1315214996 0.0000019818
-2.1233346825 0.0000001879
-2.1163070564 0.0000002748
-2.1139407520 0.0000014594
-2.1051252251 0.0000000612
-2.0954585438 0.0000022005
-2.0929277306 0.0000000492
-2.0876820450 0.0000000002
-2.0836217766 0.0000001617
-2.0769548779 0.0000058488
-2.0745880966 0.0000021617
-2.0669870739 0.0000013772
-2.0652749901 0.0000017866
-2.0620057945 0.0000008977
-2.0524802570 0.0000005183
-2.0465779667 0.0000012648
-2.0431483154 0.0000221433
-2.0373664265 0.0000011618
-2.0316601162 0.0000006589
-2.0252530937 0.0000003028
-2.0200200443 0.0000003882
-2.0158379440 0.0000000021
-2.0111518269 0.0000000744
-2.0055592422 0.0000009027
-2.0007748966 0.0000000277
-1.9937984114 0.0000006322
-1.9909843569 0.0000007481
-1.9872837429 0.0000013228
-1.9787786369 0.0000015491
-1.9745200043 0.0000113997
-1.9692025547 0.0000021878
-1.9655684595 0.0000013617
-1.9628421431 0.0000030261
-1.9571444159 0.0000034695
-1.9555803900 0.0000001374
-1.9485624199 0.0000000456
-1.9432779913 0.0000000560
-1.9393796091 0.0000000000
-1.9386165504 0.0000066394
-1.9329414730 0.0000034704
-1.9285948639 0.0000033927
-1.9222520952 0.0000070056
-1.9141300087 0.0000000365
-1.9088998203 0.0000000288
-1.9065047865 0.0000000002
-1.9021697407 0.0000030266
-1.8972421055 0.0000003272
-1.8955109482 0.0000002937
-1.8883827095 0.0000002706
-1.8811557655 0.0000023140
-1.8774824505 0.0000073657
-1.8722033863 0.0000006562
-1.8681013947 0.0000030433
-1.8655583029 0.0000041494
-1.8637007837 0.0000012937
-1.8606207733 0.0000000698
-1.8569500809 0.0000011238
-1.8531555300 0.0000008375
-1.8489091759 0.0000000053
-1.8426208858 0.0000002662
-1.8399253254 0.0000001107
-1.8338809376 0.0000019828
-1.8332236176 0.0000017029
-1.8313974504 0.0000003566
-1.8241795664 0.0000000319
-1.8185875778 0.0000028691
-1.8153633242 0.0000000119
-1.8133424883 0.0000017739
-1.8070307140 0.0000006842
-1.8043465977 0.0000002217
-1.8005699282 0.0000010582
-1.7997615700 0.0000000280
-1.7925787334 0.0000001251
-1.7891790037 0.0000048285
-1.7864396935 0.0000008389
-1.7859266167 0.0000034163
-1.7778510218 0.0000000112
-1.7772921686 0.0000001751
-1.7712191706 0.0000070225
-1.7673449879 0.0000038260
-1.7668698196 0.0000000363
-1.7580539351 0.0000013958
-1.7572267418 0.0000017557
-1.7536147003 0.0000003537
-1.7529807453 0.0000056646
-1.7506647472 0.0000081418
-1.7470507984 0.0000013307
-1.7414470081 0.0000057231
-1.7393982773 0.0000000640
-1.7361246710 0.0000012538
-1.7294192677 0.0000006275
-1.7256824141 0.0000001540
-1.7217297916 0.0000070106
-1.7212120657 0.0000032438
-1.7177417641 0.0000002183
-1.7134093409 0.0000000001
-1.7124622231 0.0000001612
-1.7063507204 0.0000061046
-1.7025982504 0.0000000636
-1.7002125149 0.0000006186
-1.6962191229 0.0000005634
-1.6947468882 0.0000017522
-1.6921116476 0.0000003117
-1.6865913038 0.0000000005
-1.6793808107 0.0000009955
-1.6789412861 0.0000003318
-1.6767429476 0.0000066222
-1.6724970703 0.0000000581
-1.6695413952 0.0000002629
-1.6676158075 0.0000010697
-1.6652185087 0.0000026861
-1.6604758863 0.0000001045
-1.6565506821 0.0000002478
-1.6500018005 0.0000011315
-1.6486362581 0.0000000033
-1.6450918083 0.0000000162
-1.6439446573 0.0000010977
-1.6403794651 0.0000035325
-1.6382662420 0.0000011431
-1.6362946396 0.0000005158
-1.6320045357 0.0000000114
-1.6287045841 0.0000018798
-1.6251089935 0.0000001264
-1.6220056181 0.0000002249
-1.6195466881 0.0000085472
-1.6171504622 0.0000016808
-1.6148863201 0.0000007796
-1.6102227335 0.0000005357
-1.6094559793 0.0000011435
-1.6083804731 0.0000071646
-1.6044470434 0.0000014097
-1.6022048359 0.0000021105
-1.5987390642 0.0000011594
-1.5963030224 0.0000000080
-1.5931780701 0.0000006773
-1.5891373520 0.0000000001
-1.5876176720 0.0000000659
-1.5859303837 0.0000001213
-1.5839540129 0.0000000709
-1.5803515081 0.0000004808
-1.5794318085 0.0000011636
-1.5733594065 0.0000000053
-1.5697160130 0.0000000352
-1.5688110952 0.0000052175
-1.5659591322 0.0000003947
-1.5630383854 0.0000000909
-1.5592908030 0.0000049003
-1.5582628613 0.0000000350
-1.5556611185 0.0000035493
-1.5533413057 0.0000089303
-1.5518787270 0.0000000130
-1.5494649773 0.0000010618
-1.5447789793 0.0000000311
-1.5409753685 0.0000013093
-1.5381561880 0.0000008591
-1.5348878269 0.0000033393
-1.5317328339 0.0000001748
-1.5291387205 0.0000025869
-1.5265862112 0.0000000035
-1.5247924690 0.0000003936
-1.5232482319 0.0000020564
-1.5201318626 0.0000004648
-1.5193459158 0.0000000147
-1.5166015987 0.0000006343
-1.5154446726 0.0000084206
-1.5110226040 0.0000056191
-1.5083407526 0.0000001772
-1.5052186613 0.0000002099
-1.5031422739 0.0000002476
-1.5012504225 0.0000011444
-1.4991182451 0.0000005391
-1.4972949390 0.0000003976
-1.4943933849 0.0000001193
-1.4918580418 0.0000062279
-1.4886656170 0.0000022214
-1.4863156443 0.0000068358
-1.4826131229 0.0000005496
-1.4812764292 0.0000040024
-1.4792311554 0.0000001505
-1.4776194458 0.0000007193
-1.4752099876 0.0000011133
-1.4730934267 0.0000060556
-1.4701393013 0.0000016239
-1.4696268206 0.0000051572
-1.4678198462 0.0000008704
-1.4656361704 0.0000000604
-1.4647912149 0.0000039037
-1.4613280659 0.0000001119
-1.4588934546 0.0000031089
-1.4552482729 0.0000005090
-1.4543402557 0.0000014103
-1.4527656202 0.0000094688
-1.4500905638 0.0000000001
-1.4471249943 0.0000048885
-1.4465660219 0.0000035841
-1.4439630871 0.0000006663
-1.4431100254 0.0000007594
-1.4400970106 0.0000010160
-1.4392754202 0.0000000826
-1.4373968010 0.0000040080
-1.4356110458 0.0000032473
-1.4352476959 0.0000055881
-1.4339015846 0.0000042632
-1.4298682575 0.0000000099
-1.4265673523 0.0000000308
-1.4249672060 0.0000002214
-1.4223599796 0.0000076696
-1.4220453863 0.0000010936
-1.4186747437 0.0000005640
-1.4156933193 0.0000028539
-1.4145274525 0.0000001355
-1.4132942324 0.0000029018
-1.4102955227 0.0000038517
-1.4083457355 0.0000031745
-1.4037995701 0.0000015592
-1.4027748470 0.0000001616
-1.4015293484 0.0000000006
-1.4004841213 0.0000001025
-1.3981486921 0.0000034885
-1.3971536522 0.0000000066
-1.3942230110 0.0000000610
-1.3931150799 0.0000000062
-1.3898285990 0.0000006578
-1.3887547617 0.0000004747
-1.3859531050 0.0000012672
-1.3846003180 0.0000007298
-1.3821282749 0.0000058605
-1.3799498444 0.0000031836
-1.3782480125 0.0000000367
-1.3747705584 0.0000006192
-1.3737869625 0.0000000002
-1.3723663454 0.0000046159
-1.3697743778 0.0000014996
-1.3672585850 0.0000008192
-1.3656427031 0.0000002877
-1.3648443584 0.0000019611
-1.3623408442 0.0000002388
-1.3587124710 0.0000005190
-1.3567694788 0.0000001481
-1.3562100296 0.0000000066
-1.3544009094 0.0000017929
-1.3524890308 0.0000017746
-1.3520939713 0.0000002260
-1.3474184637 0.0000026344
-1.3458295231 0.0000008945
-1.3446356421 0.0000000159
-1.3426988487 0.0000005357
-1.3407611017 0.0000017783
-1.3386309509 0.0000007565
-1.3381740217 0.0000010723
-1.3370173340 0.0000005411
-1.3366884356 0.0000000634
-1.3355723982 0.0000013198
-1.3330892687 0.0000058091
-1.3315208321 0.0000013108
-1.3296716576 0.0000012410
-1.3269300823 0.0000028191
-1.3243482475 0.0000020051
-1.3222399120 0.0000001096
-1.3218864565 0.0000000418
-1.3200151091 0.0000028325
-1.3191146021 0.0000005216
-1.3166697388 0.0000054061
-1.3156079416 0.0000082018
-1.3140508299 0.0000004645
-1.3112035160 0.0000004885
-1.3106460934 0.0000006533
-1.3075358038 0.0000029067
-1.3073432808 0.0000001861
-1.3057536249 0.0000000164
-1.3045429354 0.0000045856
-1.3019630079 0.0000002890
-1.3016202812 0.0000001035
-1.3005705242 0.0000000017
-1.2972898846 0.0000003925
-1.2959659462 0.0000010774
-1.2939455872 0.0000000722
-1.2928219204 0.0000019960
-1.2895987396 0.0000005351
-1.2888708477 0.0000000019
-1.2869885330 0.0000000106
-1.2859647636 0.0000061667
-1.2837556963 0.0000004544
-1.2831020718 0.0000059079
-1.2804912691 0.0000004621
-1.2795075541 0.0000027670
-1.2780644064 0.0000036548
-1.2773902779 0.0000008550
-1.2749706869 0.0000039773
-1.2736986046 0.0000000892
-1.2721486454 0.0000034815
-1.2703370218 0.0000004275
-1.2693939571 0.0000078827
-1.2656574612 0.0000011018
-1.2654234533 0.0000025449
-1.2639675503 0.0000000371
-1.2628640299 0.0000013678
-1.2611984377 0.0000003334
-1.2606767778 0.0000003680
-1.2597923641 0.0000028297
-1.2572954063 0.0000000935
-1.2570791607 0.0000001854
-1.2545818453 0.0000004416
-1.2518558865 0.0000000817
-1.2503861551 0.0000017662
-1.2499782209 0.0000000148
-1.2488447790 0.0000000601
-1.2475952272 0.0000041658
-1.2465402250 0.0000000718
-1.2453009253 0.0000001324
-1.2451275949 0.0000038556
-1.2419551973 0.0000000917
-1.2416046028 0.0000000435
-1.2399548655 0.0000003154
-1.2390402918 0.0000000389
-1.2378442650 0.0000055452
-1.2366381054 0.0000002188
-1.2351197367 0.0000000104
-1.2348569994 0.0000008097
-1.2324269180 0.0000000394
-1.2309365635 0.0000000000
-1.2294990187 0.0000013630
-1.2290386324 0.0000179013
-1.2282369499 0.0000000397
-1.2271327143 0.0000009050
-1.2248149281 0.0000010878
-1.2237710123 0.0000000109
-1.2231468325 0.0000018388
-1.2208509808 0.0000000085
-1.2193966274 0.0000010714
-1.2185477381 0.0000014680
-1.2163206701 0.0000010755
-1.2147295837 0.0000037753
-1.2145605450 0.0000020820
-1.2135148411 0.0000007262
-1.2115091448 0.0000000025
-1.2112013464 0.0000041668
-1.2096712952 0.0000001317
-1.2083748941 0.0000034980
-1.2068606977 0.0000043848
-1.2063960199 0.0000002772
-1.2045801048 0.0000000135
-1.2034113770 0.0000010305
-1.2017504339 0.0000013628
-1.2004475956 0.0000006088
-1.1993189220 0.0000029970
-1.1975503330 0.0000042265
-1.1969308023 0.0000014666
-1.1957388287 0.0000007494
-1.1933509474 0.0000019853
-1.1924482946 0.0000044978
-1.1903207664 0.0000064439
-1.1898482208 0.0000003372
-1.1881773834 0.0000035603
-1.1873878603 0.0000011946
-1.1848411922 0.0000014181
-1.1845020418 0.0000004157
-1.1826115017 0.0000004015
-1.1817722683 0.0000020858
-1.1816019182 0.0000063795
-1.1802912121 0.0000022824
-1.1792911654 0.0000033177
-1.1782751446 0.0000000678
-1.1768756275 0.0000004492
-1.1760318642 0.0000003530
-1.1738165979 0.0000000504
-1.1727453833 0.0000001880
-1.1703052883 0.0000000214
-1.1694296961 0.0000022378
-1.1679362421 0.0000016745
-1.1661937599 0.0000003603
-1.1661448841 0.0000001306
-1.1643505459 0.0000000232
-1.1630913382 0.0000007640
-1.1621160870 0.0000000504
-1.1608184938 0.0000016030
-1.1601838236 0.0000004289
-1.1593166952 0.0000108953
-1.1565668945 0.0000024904
-1.1557618742 0.0000057980
-1.1547689800 0.0000019556
-1.1535523300 0.0000079999
-1.1532470350 0.0000010154
-1.1524421339 0.0000016919
-1.1507604485 0.0000000255
-1.1492509012 0.0000030635
-1.1485820179 0.0000021321
-1.1466930275 0.0000040562
-1.1454136734 0.0000000128
-1.1435932283 0.0000009271
-1.1423175697 0.0000004801
-1.1422438984 0.0000014215
-1.1406112080 0.0000020205
-1.1385866766 0.0000084669
-1.1375917559 0.0000004933
-1.1368867521 0.0000000963
-1.1362625723 0.0000003391
-1.1347836618 0.0000002365
-1.1334483986 0.0000002073
-1.1318276291 0.0000007602
-1.1309932833 0.0000003039
-1.1297473078 0.0000010346
-1.1287724142 0.0000000003
-1.1276666288 0.0000001053
-1.1260583763 0.0000006345
-1.1253066425 0.0000024263
-1.1234481697 0.0000077862
-1.1219765310 0.0000022484
-1.1212560301 0.0000005335
-1.1196781759 0.0000002690
-1.1194745665 0.0000027070
-1.1178827648 0.0000018634
-1.1170831089 0.0000007792
-1.1160558825 0.0000007739
-1.1149534349 0.0000025113
-1.1139548187 0.0000021772
-1.1131202345 0.0000017935
-1.1114814644 0.0000004093
-1.1111022596 0.0000017413
-1.1102662449 0.0000016049
-1.1091359024 0.0000021715
-1.1072990065 0.0000000780
-1.1067399149 0.0000004657
-1.1047016745 0.0000033034
-1.1038016443 0.0000023917
-1.1033125286 0.0000003418
-1.1009512310 0.0000002125
-1.1004881029 0.0000004859
-1.0994407301 0.0000002219
-1.0979653959 0.0000009173
-1.0976888304 0.0000013919
-1.0969422226 0.0000012735
-1.0962007408 0.0000000813
-1.0943510895 0.0000004409
-1.0938998823 0.0000026413
-1.0932187204 0.0000000537
-1.0926605825 0.0000021664
-1.0912896757 0.0000007747
-1.0898861055 0.0000011160
-1.0882113342 0.0000028686
-1.0868740444 0.0000095753
-1.0865855579 0.0000030829
-1.0854461555 0.0000008108
-1.0850115185 0.0000006541
-1.0840894346 0.0000025554
-1.0832428102 0.0000005222
-1.0818775063 0.0000002832
-1.0811422234 0.0000005424
-1.0804385309 0.0000016372
-1.0798161392 0.0000034157
-1.0787791376 0.0000003538
-1.0774720078 0.0000015013
-1.0757464533 0.0000031549
-1.0756888752 0.0000006324
-1.0753975277 0.0000044927
-1.0733805065 0.0000000028
-1.0727174644 0.0000005579
-1.0714908009 0.0000000045
-1.0711088543 0.0000003283
-1.0701969032 0.0000030319
-1.0686406260 0.0000001863
-1.0681908493 0.0000019165
-1.0674711828 0.0000019209
-1.0666339760 0.0000012422
-1.0653211241 0.0000001515
-1.0636440878 0.0000012570
-1.0625107651 0.0000000002
-1.0611586933 0.0000010505
-1.0605723028 0.0000013906
-1.0593333607 0.0000002042
-1.0576824312 0.0000058098
-1.0569817190 0.0000000041
-1.0563700562 0.0000000014
-1.0552845364 0.0000004556
-1.0539675121 0.0000010139
-1.0531670218 0.0000001892
-1.0526547794 0.0000015351
-1.0516102676 0.0000075594
-1.0508507853 0.0000020390
-1.0502949123 0.0000019372
-1.0495678549 0.0000040083
-1.0488695269 0.0000000001
-1.0473957424 0.0000006276
-1.0468153124 0.0000011330
-1.0457990532 0.0000000941
-1.0451630716 0.0000029025
-1.0440476303 0.0000007298
-1.0426953201 0.0000004327
-1.0420257215 0.0000017551
-1.0412959223 0.0000002073
-1.0394021635 0.0000041374
-1.0388212566 0.0000000028
-1.0371544724 0.0000003471
-1.0366847878 0.0000020181
-1.0349945192 0.0000006224
-1.0346087580 0.0000024932
-1.0343141918 0.0000013134
-1.0327796106 0.0000035957
-1.0318125849 0.0000009664
-1.0313896303 0.0000010440
-1.0285750990 0.0000000287
-1.0278830891 0.0000016918
-1.0268448954 0.0000009021
-1.0259890919 0.0000015212
-1.0255327587 0.0000024232
-1.0243138437 0.0000000016
-1.0234145288 0.0000021150
-1.0226253633 0.0000000041
-1.0214830999 0.0000002935
-1.0211134319 0.0000063249
-1.0208167200 0.0000003592
-1.0186652308 0.0000000086
-1.0174628859 0.0000003954
-1.0169200068 0.0000036799
-1.0162357454 0.0000020948
-1.0154071217 0.0000013376
-1.0146892433 0.0000010658
-1.0137393837 0.0000003976
-1.0130987530 0.0000005023
-1.0124076967 0.0000000827
-1.0114378099 0.0000000315
-1.0105760460 0.0000080403
-1.0103135471 0.0000001034
-1.0089955692 0.0000006909
-1.0072111254 0.0000033509
-1.0065770512 0.0000029164
-1.0057465200 0.0000016957
-1.0051311617 0.0000003020
-1.0047277575 0.0000052294
-1.0031918650 0.0000000295
-1.0027281408 0.0000052068
-1.0014633303 0.0000000794
-1.0000072484 0.0000000236
-0.9993389611 0.0000004258
-0.9990036254 0.0000004641
-0.9983057146 0.0000011649
-0.9975580339 0.0000015163
-0.9962797527 0.0000009207
-0.9961293106 0.0000045383
-0.9940907722 0.0000041718
-0.9939767485 0.0000013905
-0.9929160838 0.0000003326
-0.9915339117 0.0000009051
-0.9907763963 0.0000000224
-0.9892765646 0.0000001113
-0.9888188605 0.0000003709
-0.9881214266 0.0000025557
-0.9876644378 0.0000002196
-0.9864764576 0.0000000285
-0.9856832986 0.0000014404
-0.9850111966 0.0000057453
-0.9844420915 0.0000001792
-0.9838784699 0.0000039396
-0.9827283983 0.0000077177
-0.9821340804 0.0000000006
-0.9812071686 0.0000047980
-0.9798443680 0.0000056017
-0.9792381887 0.0000024494
-0.9788374667 0.0000000017
-0.9777724509 0.0000008562
-0.9768183594 0.0000001018
-0.9760729437 0.0000004272
-0.9759717946 0.0000004124
-0.9750312333 0.0000000095
-0.9747031097 0.0000014569
-0.9733968143 0.0000003561
-0.9727830057 0.0000005404
-0.9724668031 0.0000002292
-0.9714596038 0.0000006101
-0.9698393111 0.0000004661
-0.9693510895 0.0000008021
-0.9692045217 0.0000005739
-0.9687811499 0.0000014655
-0.9675522213 0.0000002958
-0.9665043716 0.0000014684
-0.9663051133 0.0000000613
-0.9651695256 0.0000004484
-0.9638646011 0.0000001433
-0.9630657201 0.0000040377
-0.9624055390 0.0000000250
-0.9616194730 0.0000029304
-0.9607397084 0.0000042032
-0.9603428607 0.0000003911
-0.9599599009 0.0000002981
-0.9594722753 0.0000023617
-0.9585938816 0.0000027737
-0.9578222399 0.0000005487
-0.9572372799 0.0000002260
-0.9564472799 0.0000017407
-0.9558931952 0.0000002797
-0.9548534517 0.0000004703
-0.9545694356 0.0000027340
-0.9532759552 0.0000061626
-0.9524932270 0.0000019665
-0.9512893324 0.0000018160
-0.9505289559 0.0000002995
-0.9504218464 0.0000000602
-0.9489891891 0.0000012994
-0.9486742978 0.0000000230
-0.9473914270 0.0000001764
-0.9471422200 0.0000006094
-0.9459102516 0.0000036547
-0.9451186423 0.0000006047
-0.9439570074 0.0000114638
-0.9432851439 0.0000003862
-0.9428286319 0.0000001766
-0.9420898919 0.0000017014
-0.9408309822 0.0000034324
-0.9394105439 0.0000024897
-0.9391020303 0.0000004538
-0.9377875094 0.0000002318
-0.9373706942 0.0000159901
-0.9370972281 0.0000048926
-0.9356888895 0.0000035498
-0.9353887801 0.0000088565
-0.9344512587 0.0000016319
-0.9335339432 0.0000011206
-0.9329511886 0.0000010062
-0.9320322042 0.0000013085
-0.9305815463 0.0000103739
-0.9301395779 0.0000029430
-0.9289233451 0.0000000131
-0.9279180532 0.0000001586
-0.9269166951 0.0000007861
-0.9260364537 0.0000050305
-0.9248628979 0.0000002522
-0.9241252904 0.0000012473
-0.9237280254 0.0000033463
-0.9222348695 0.0000029498
-0.9207427268 0.0000014828
-0.9204804664 0.0000014098
-0.9199372296 0.0000010421
-0.9183071618 0.0000010375
-0.9177813296 0.0000015001
-0.9165675406 0.0000019373
-0.9159671431 0.0000030122
-0.9152010446 0.0000008217
-0.9140854244 0.0000004235
-0.9129378562 0.0000027876
-0.9118033414 0.0000071875
-0.9111079340 0.0000092670
-0.9098430042 0.0000006293
-0.9087499743 0.0000001988
-0.9081174498 0.0000020804
-0.9069765573 0.0000016391
-0.9060980444 0.0000013011
-0.9057138925 0.0000016726
-0.9041000967 0.0000051236
-0.9034603004 0.0000076745
-0.9027928476 0.0000019619
-0.9011661773 0.0000014738
-0.9002830153 0.0000012173
-0.8987078433 0.0000010218
-0.8975790505 0.0000031423
-0.8971358900 0.0000041845
-0.8960872655 0.0000060440
-0.8955094581 0.0000130147
-0.8944198852 0.0000064510
-0.8934826021 0.0000019306
-0.8919170861 0.0000010214
-0.8914614086 0.0000022338
-0.8902545934 0.0000027341
-0.8897374635 0.0000058660
-0.8882388835 0.0000007889
-0.8869417076 0.0000008305
-0.8858977323 0.0000025724
-0.8847588067 0.0000131580
-0.8840918903 0.0000031601
-0.8832685714 0.0000002650
-0.8821286922 0.0000005875
-0.8808889155 0.0000020603
-0.8800405626 0.0000001958
-0.8780868416 0.0000026284
-0.8774181371 0.0000018209
-0.8765132790 0.0000003185
-0.8754948144 0.0000076856
-0.8741772537 0.0000039344
-0.8735841279 0.0000015759
-0.8716684942 0.0000006252
-0.8712645535 0.0000042668
-0.8704954748 0.0000009005
-0.8686285977 0.0000008975
-0.8678945665 0.0000025277
-0.8664716249 0.0000056776
-0.8654919629 0.0000054041
-0.8646360402 0.0000099907
-0.8636459475 0.0000020242
-0.8626066213 0.0000029576
-0.8618889217 0.0000019541
-0.8606617217 0.0000020874
-0.8592023616 0.0000008838
-0.8583299284 0.0000044132
-0.8574844365 0.0000087577
-0.8559849029 0.0000098672
-0.8551708822 0.0000045913
-0.8543280129 0.0000028368
-0.8526157503 0.0000007758
-0.8517637615 0.0000004785
-0.8505102162 0.0000020670
-0.8491746550 0.0000011234
-0.8482947712 0.0000016320
-0.8471038108 0.0000011686
-0.8459151154 0.0000004205
-0.8447335129 0.0000013349
-0.8441417580 0.0000058097
-0.8428084021 0.0000048581
-0.8419136767 0.0000006258
-0.8407566314 0.0000004702
-0.8387709026 0.0000068553
-0.8377766972 0.0000022139
-0.8367215161 0.0000005573
-0.8357273107 0.0000022662
-0.8348830109 0.0000025082
-0.8331323628 0.0000021944
-0.8322382932 0.0000020289
-0.8305922513 0.0000041577
-0.8297511702 0.0000046143
-0.8287189369 0.0000102147
-0.8277967339 0.0000015306
-0.8266144757 0.0000076639
-0.8251098161 0.0000058932
-0.8241979246 0.0000028629
-0.8229138021 0.0000028551
-0.8223066692 0.0000071374
-0.8211530213 0.0000010376
-0.8200275068 0.0000023799
-0.8181860809 0.0000006726
-0.8170855408 0.0000026713
-0.8161980872 0.0000014125
-0.8150288229 0.0000035171
-0.8140473728 0.0000005062
-0.8127170568 0.0000071588
-0.8113233213 0.0000062195
-0.8099308972 0.0000002388
-0.8085915809 0.0000037182
-0.8079876070 0.0000027451
-0.8066052561 0.0000036274
-0.8055795794 0.0000044302
-0.8047750359 0.0000010377
-0.8024045591 0.0000016849
-0.8016737466 0.0000026666
-0.8000624542 0.0000107920
-0.7993290787 0.0000061570
-0.7976869111 0.0000018456
-0.7966227298 0.0000054031
-0.7956471806 0.0000022989
-0.7946657901 0.0000036180
-0.7929262285 0.0000044347
-0.7918723588 0.0000109333
-0.7909249430 0.0000020851
-0.7899030213 0.0000054800
-0.7886592512 0.0000006554
-0.7873191004 0.0000010525
-0.7855088477 0.0000018278
-0.7843291526 0.0000033968
-0.7830856805 0.0000152614
-0.7823684578 0.0000034028
-0.7809544568 0.0000058138
-0.7798349028 0.0000029346
-0.7788575654 0.0000028332
-0.7771646743 0.0000037618
-0.7761446004 0.0000037185
-0.7746465569 0.0000116755
-0.7740530138 0.0000095671
-0.7724490528 0.0000037571
-0.7711086636 0.0000177392
-0.7700268989 0.0000027021
-0.7689823871 0.0000011082
-0.7675963407 0.0000032558
-0.7661065226 0.0000009303
-0.7650772696 0.0000078334
-0.7637048726 0.0000040291
-0.7628414397 0.0000047608
-0.7613364820 0.0000028090
-0.7600525384 0.0000091289
-0.7581061487 0.0000012588
-0.7572543387 0.0000095351
-0.7557946210 0.0000118928
-0.7549763684 0.0000138795
-0.7538755898 0.0000076444
-0.7523765330 0.0000011439
-0.7513499622 0.0000067957
-0.7499103312 0.0000023099
-0.7481937175 0.0000019962
-0.7472703819 0.0000039325
-0.7459633117 0.0000109440
-0.7449415092 0.0000091259
-0.7435180907 0.0000055234
-0.7424352531 0.0000033157
-0.7410607104 0.0000088955
-0.7396186357 0.0000036805
-0.7384127145 0.0000027375
-0.7371333008 0.0000033936
-0.7359644537 0.0000055417
-0.7346409326 0.0000036410
-0.7331784730 0.0000028371
-0.7315920358 0.0000085588
-0.7306226854 0.0000063774
-0.7298666005 0.0000064554
-0.7276700501 0.0000089762
-0.7268565063 0.0000083794
-0.7257872586 0.0000044810
-0.7244324450 0.0000109706
-0.7226649289 0.0000114416
-0.7218385701 0.0000056433
-0.7204436426 0.0000129549
-0.7191009884 0.0000042791
-0.7178172832 0.0000105386
-0.7162077193 0.0000063011
-0.7152392035 0.0000170153
-0.7141381865 0.0000070757
-0.7125262384 0.0000034629
-0.7114699249 0.0000074769
-0.7098763351 0.0000048089
-0.7090996270 0.0000046341
-0.7073002224 0.0000082965
-0.7058046227 0.0000070364
-0.7047707205 0.0000025613
-0.7034573917 0.0000047935
-0.7020621662 0.0000081301
-0.7003790503 0.0000020340
-0.6993387704 0.0000175977
-0.6982561712 0.0000027046
-0.6966572170 0.0000089397
-0.6959408884 0.0000104039
-0.6939923530 0.0000149169
-0.6928465729 0.0000077932
-0.6910882955 0.0000052191
-0.6899437075 0.0000032003
-0.6885139709 0.0000098424
-0.6874708300 0.0000163405
-0.6861022477 0.0000033156
-0.6846332912 0.0000014057
-0.6831099753 0.0000032831
-0.6818083887 0.0000082453
-0.6809014444 0.0000346639
-0.6794574623 0.0000080636
-0.6784301167 0.0000030905
-0.6763845448 0.0000054265
-0.6752732759 0.0000025752
-0.6740129356 0.0000062665
-0.6725325947 0.0000052897
-0.6712481146 0.0000083122
-0.6700440412 0.0000176477
-0.6687511568 0.0000202610
-0.6673975353 0.0000116260
-0.6659615998 0.0000042589
-0.6644032364 0.0000069505
-0.6633546119 0.0000057823
-0.6615627770 0.0000055783
-0.6604611640 0.0000092796
-0.6591239338 0.0000220648
-0.6580067639 0.0000107971
-0.6563139920 0.0000019171
-0.6547351842 0.0000041252
-0.6533353095 0.0000079144
-0.6520114307 0.0000138039
-0.6509698396 0.0000102581
-0.6494757299 0.0000197531
-0.6482599144 0.0000144344
-0.6465908651 0.0000109109
-0.6455855732 0.0000120538
-0.6440779929 0.0000150211
-0.6429108744 0.0000113917
-0.6410688524 0.0000076412
-0.6397514706 0.0000061760
-0.6384185915 0.0000059770
-0.6371374493 0.0000074090
-0.6354812150 0.0000042470
-0.6344390874 0.0000073933
-0.6328034167 0.0000092444
-0.6315654879 0.0000108992
-0.6303590302 0.0000085827
-0.6287203794 0.0000117766
-0.6274906163 0.0000070380
-0.6258727674 0.0000024955
-0.6243540411 0.0000161129
-0.6232279902 0.0000085979
-0.6217230325 0.0000107959
-0.6206728582 0.0000124813
-0.6190601354 0.0000055183
-0.6175669794 0.0000098755
-0.6161192422 0.0000149349
-0.6148648028 0.0000155600
-0.6131200557 0.0000122291
-0.6116698151 0.0000078481
-0.6106483703 0.0000070402
-0.6092212563 0.0000071199
-0.6074911718 0.0000099682
-0.6064891582 0.0000077572
-0.6048213010 0.0000198654
-0.6039409404 0.0000110337
-0.6021737819 0.0000084976
-0.6006837254 0.0000086239
-0.5990624194 0.0000269668
-0.5979106789 0.0000207791
-0.5967302089 0.0000153335
-0.5954074626 0.0000234470
-0.5935362940 0.0000129704
-0.5922316675 0.0000092949
-0.5908351903 0.0000162467
-0.5892865424 0.0000076002
-0.5881015425 0.0000166017
-0.5867093568 0.0000076821
-0.5849367743 0.0000132559
-0.5834635859 0.0000148581
-0.5820584064 0.0000086345
-0.5808373456 0.0000155909
-0.5794883137 0.0000199094
-0.5778420334 0.0000113678
-0.5764057403 0.0000097604
-0.5750845437 0.0000140709
-0.5735566382 0.0000095014
-0.5722800260 0.0000073172
-0.5707139139 0.0000075062
-0.5690561895 0.0000263067
-0.5677463179 0.0000096088
-0.5664943819 0.0000105311
-0.5647254949 0.0000149096
-0.5634702210 0.0000143965
-0.5622960691 0.0000085951
-0.5605715876 0.0000096441
-0.5591810112 0.0000090195
-0.5577074652 0.0000152758
-0.5564679270 0.0000124076
-0.5548332696 0.0000092948
-0.5533628826 0.0000099105
-0.5516608124 0.0000204394
-0.5504984622 0.0000156918
-0.5489887362 0.0000114140
-0.5473838215 0.0000232513
-0.5459297066 0.0000274202
-0.5447886949 0.0000241744
-0.5432594185 0.0000149049
-0.5419397717 0.0000099001
-0.5401856666 0.0000086394
-0.5388255482 0.0000174560
-0.5374808674 0.0000145383
-0.5361428027 0.0000154767
-0.5346680646 0.0000062859
-0.5329192643 0.0000079821
-0.5318715339 0.0000146556
-0.5300795202 0.0000070253
-0.5286203985 0.0000114284
-0.5270945792 0.0000198479
-0.5255455141 0.0000160728
-0.5241983895 0.0000195549
-0.5225652223 0.0000222251
-0.5213535194 0.0000202617
-0.5201152329 0.0000212659
-0.5183616643 0.0000111004
-0.5167308812 0.0000167729
-0.5155048137 0.0000119362
-0.5138162141 0.0000190940
-0.5126088028 0.0000132204
-0.5112116699 0.0000094895
-0.5095740919 0.0000118757
-0.5080238943 0.0000104131
-0.5065523748 0.0000092053
-0.5050588613 0.0000109261
-0.5034436946 0.0000146448
-0.5022982721 0.0000196498
-0.5006487732 0.0000076699
-0.4989550476 0.0000071345
-0.4977757995 0.0000189931
-0.4960138564 0.0000060964
-0.4947499697 0.0000254130
-0.4931968515 0.0000103893
-0.4915914302 0.0000265909
-0.4901692038 0.0000208585
-0.4890118008 0.0000196220
-0.4868139391 0.0000152598
-0.4854744737 0.0000300608
-0.4841959541 0.0000229829
-0.4827369516 0.0000241339
-0.4811055129 0.0000193748
-0.4797164862 0.0000462769
-0.4781562452 0.0000303539
-0.4769018059 0.0000248471
-0.4754296308 0.0000119210
-0.4738605683 0.0000172103
-0.4722028737 0.0000182469
-0.4704831605 0.0000371376
-0.4693646197 0.0000349056
-0.4676285450 0.0000156701
-0.4662510221 0.0000248049
-0.4646416967 0.0000224349
-0.4633160894 0.0000305364
-0.4618027275 0.0000253849
-0.4601610963 0.0000199750
-0.4586325650 0.0000232492
-0.4570609992 0.0000352769
-0.4557529752 0.0000409283
-0.4546240036 0.0000370353
-0.4528485005 0.0000307167
-0.4512394433 0.0000205875
-0.4500355487 0.0000204543
-0.4479899769 0.0000134857
-0.4466906552 0.0000383031
-0.4453975921 0.0000281908
-0.4436241453 0.0000219670
-0.4421331351 0.0000247938
-0.4406479959 0.0000233608
-0.4388877516 0.0000170200
-0.4375142519 0.0000398111
-0.4362546270 0.0000324060
-0.4348731701 0.0000310917
-0.4331378405 0.0000088158
-0.4313966994 0.0000188408
-0.4298792844 0.0000154108
-0.4283533757 0.0000152738
-0.4267050986 0.0000178447
-0.4253691499 0.0000233222
-0.4239324992 0.0000340707
-0.4223866527 0.0000190385
-0.4208705788 0.0000241960
-0.4190994864 0.0000254221
-0.4178304141 0.0000345186
-0.4161862795 0.0000271818
-0.4147522216 0.0000307620
-0.4130879705 0.0000301611
-0.4117664759 0.0000337854
-0.4101098840 0.0000315819
-0.4088383083 0.0000260580
-0.4069869583 0.0000246427
-0.4053834145 0.0000293332
-0.4039594893 0.0000416285
-0.4024150734 0.0000268293
-0.4007143443 0.0000147148
-0.3992962604 0.0000522202
-0.3977359300 0.0000295065
-0.3962188427 0.0000483626
-0.3946663504 0.0000377420
-0.3930337195 0.0000506460
-0.3917329376 0.0000405138
-0.3902607028 0.0000374259
-0.3886436288 0.0000366467
-0.3868205910 0.0000292518
-0.3855812912 0.0000420927
-0.3841485744 0.0000357539
-0.3823280995 0.0000331681
-0.3810433512 0.0000359470
-0.3791133826 0.0000386518
-0.3777828281 0.0000480586
-0.3763783340 0.0000315229
-0.3746397262 0.0000278421
-0.3731757169 0.0000407206
-0.3714997237 0.0000413605
-0.3700330322 0.0000389620
-0.3684409027 0.0000381602
-0.3670404916 0.0000389168
-0.3655147021 0.0000282174
-0.3637773161 0.0000331363
-0.3623673682 0.0000377671
-0.3607695465 0.0000381248
-0.3589174216 0.0000393051
-0.3576052551 0.0000661451
-0.3562157218 0.0000273258
-0.3545351391 0.0000449373
-0.3528545861 0.0000363811
-0.3514421647 0.0000493679
-0.3498888378 0.0000585999
-0.3483125632 0.0000393405
-0.3466854756 0.0000445317
-0.3451154296 0.0000423238
-0.3435973887 0.0000513323
-0.3419494097 0.0000418009
-0.3403557305 0.0000436197
-0.3390082781 0.0000562054
-0.3372898762 0.0000408689
-0.3356564705 0.0000544835
-0.3341670697 0.0000422291
-0.3325719004 0.0000626001
-0.3311662738 0.0000455564
-0.3294294839 0.0000548616
-0.3279776340 0.0000512568
-0.3265174692 0.0000614764
-0.3247988586 0.0000477791
-0.3233258193 0.0000434208
-0.3215372329 0.0000714392
-0.3200867240 0.0000571738
-0.3186140125 0.0000661505
-0.3170231049 0.0000534244
-0.3153432970 0.0000748554
-0.3139879470 0.0000479089
-0.3122855787 0.0000477651
-0.3106276159 0.0000427093
-0.3092022603 0.0000696464
-0.3075680499 0.0000472800
-0.3059497242 0.0000469130
-0.3043584292 0.0000691521
-0.3029743497 0.0000630669
-0.3012576764 0.0000418373
-0.2995963459 0.0000768520
-0.2979305153 0.0000515076
-0.2965864604 0.0000668084
-0.2948372428 0.0000744728
-0.2931820815 0.0000895901
-0.2918860381 0.0000844891
-0.2901385789 0.0000491476
-0.2886866097 0.0000705478
-0.2871750062 0.0000556673
-0.2853967016 0.0000459057
-0.2837399905 0.0000687345
-0.2821625535 0.0000710736
-0.2806284194 0.0000815261
-0.2791679864 0.0000656457
-0.2773650651 0.0000560737
-0.2759131258 0.0001097421
-0.2743405466 0.0000848924
-0.2728848522 0.0000820536
-0.2711195712 0.0000816220
-0.2695501809 0.0000920985
-0.2680962746 0.0001115888
-0.2665125196 0.0000721382
-0.2648273771 0.0000896383
-0.2633325224 0.0000733833
-0.2617048984 0.0000686394
-0.2600377564 0.0000788278
-0.2585869198 0.0000700647
-0.2568222349 0.0000824239
-0.2553485696 0.0000535873
-0.2536158626 0.0000725658
-0.2520475750 0.0001002858
-0.2504713600 0.0001182252
-0.2489295070 0.0000863674
-0.2474027489 0.0001036921
-0.2457433854 0.0001042460
-0.2442105775 0.0000862481
-0.2425452982 0.0001047813
-0.2409901236 0.0001060439
-0.2393649136 0.0000948571
-0.2376781617 0.0001074134
-0.2362624918 0.0001331430
-0.2346937125 0.0001026024
-0.2330247377 0.0000800014
-0.2314190780 0.0000789885
-0.2298010652 0.0000895108
-0.2281946753 0.0001278957
-0.2265737866 0.0001079261
-0.2250845944 0.0001136450
-0.2234338735 0.0001157728
-0.2218804275 0.0001065986
-0.2202146118 0.0001114264
-0.2187865590 0.0001074904
-0.2171475505 0.0000864911
-0.2153339748 0.0001102001
-0.2138835703 0.0001189900
-0.2121430551 0.0001100567
-0.2106078480 0.0001254358
-0.2091428404 0.0001304081
-0.2073412751 0.0001359317
-0.2057790076 0.0001194666
-0.2042203759 0.0001188538
-0.2025610571 0.0001189082
-0.2009388422 0.0001491851
-0.1993224238 0.0001440199
-0.1978582655 0.0001378520
-0.1962819164 0.0001183656
-0.1944941198 0.0001218796
-0.1928923790 0.0001483730
-0.1913304989 0.0001625957
-0.1897489940 0.0001340274
-0.1880469685 0.0001582654
-0.1865769838 0.0002033688
-0.1849564974 0.0001395804
-0.1832992499 0.0001357918
-0.1817275201 0.0001389151
-0.1801631664 0.0001513206
-0.1785113578 0.0001442726
-0.1767967557 0.0001647017
-0.1751778339 0.0001794721
-0.1736285751 0.0001855938
-0.1720241224 0.0001594977
-0.1704136794 0.0001781978
-0.1687935506 0.0002521392
-0.1672158753 0.0001909078
-0.1656667804 0.0001954255
-0.1640213047 0.0001910587
-0.1624234085 0.0001903558
-0.1607933854 0.0001779099
-0.1591643904 0.0001824949
-0.1575308954 0.0002001637
-0.1559321796 0.0002115655
-0.1543270563 0.0001905390
-0.1527043645 0.0002389728
-0.1510790651 0.0002326207
-0.1494999294 0.0002238823
-0.1478737359 0.0002200168
-0.1462480490 0.0002271654
-0.1447150772 0.0002349419
-0.1431011026 0.0002287252
-0.1414671158 0.0001986155
-0.1397606348 0.0002022151
-0.1381710534 0.0002255180
-0.1364328181 0.0002386659
-0.1349803423 0.0002800324
-0.1332868402 0.0002688008
-0.1317089115 0.0002619188
-0.1300836717 0.0003109527
-0.1284403418 0.0003070800
-0.1268659000 0.0003134963
-0.1252548983 0.0002935290
-0.1235850294 0.0003244076
-0.1220293482 0.0003259626
-0.1203918000 0.0003511655
-0.1187307824 0.0003319355
-0.1171029423 0.0003289918
-0.1155379404 0.0003052534
-0.1138970469 0.0003483471
-0.1122456704 0.0004195232
-0.1107233827 0.0003617522
-0.1090339785 0.0004178712
-0.1074578677 0.0004071485
-0.1058576246 0.0004670545
-0.1041875248 0.0004300525
-0.1025771787 0.0004808188
-0.1010134434 0.0004537857
-0.0993664851 0.0005186072
-0.0977632989 0.0004937907
-0.0961946537 0.0004531858
-0.0944429551 0.0004069048
-0.0928758298 0.0004565425
-0.0912923803 0.0004723515
-0.0896575366 0.0005042866
-0.0879867067 0.0004208299
-0.0863571082 0.0005224991
-0.0847551664 0.0005457632
-0.0830936273 0.0005947998
-0.0815306370 0.0006470082
-0.0798734863 0.0006114538
-0.0782613297 0.0005973573
-0.0766533529 0.0006402526
-0.0750048076 0.0006549571
-0.0734403421 0.0006810589
-0.0717855458 0.0007251109
-0.0701833432 0.0006849106
-0.0684978877 0.0007322015
-0.0669273202 0.0007488625
-0.0653074001 0.0007652434
-0.0636827191 0.0007383921
-0.0620286380 0.0007457695
-0.0603926656 0.0009083782
-0.0588083220 0.0008630479
-0.0571888116 0.0008986819
-0.0555255664 0.0009778034
-0.0539192026 0.0009818729
-0.0523125445 0.0010070816
-0.0506841642 0.0009738424
-0.0490510528 0.0011046835
-0.0474230413 0.0010861495
-0.0458040712 0.0011318282
-0.0441948463 0.0012119514
-0.0425432985 0.0012470266
-0.0409368825 0.0014164259
-0.0393279147 0.0014417154
-0.0377211114 0.0014214271
-0.0361051102 0.0015341699
-0.0344558423 0.0014596933
-0.0328152244 0.0017396801
-0.0311690466 0.0017459026
-0.0295475581 0.0018341111
-0.0279502672 0.0020285363
-0.0263225687 0.0021636791
-0.0247211651 0.0022310053
-0.0230843266 0.0022312237
-0.0214533796 0.0024555074
-0.0198119533 0.0029399339
-0.0182073870 0.0030387440
-0.0165992518 0.0032841777
-0.0149578367 0.0036270872
-0.0133535302 0.0040673823
-0.0117264324 0.0042597516
-0.0101051432 0.0049335225
-0.0084727340 0.0059753298
-0.0068701710 0.0072246846
-0.0052335490 0.0090330793
-0.0036128877 0.0124949738
-0.0019974501 0.0223037452
-0.0005121142 0.6680833101
0.0016004530 0.0273778364
0.0032373582 0.0134058688
0.0048650889 0.0090301707
0.0064993062 0.0073745381
0.0081125124 0.0060721356
0.0097362026 0.0051689772
0.0113448341 0.0045255078
0.0129670789 0.0040883278
0.0146190495 0.0034650860
0.0162339368 0.0034020324
0.0178429772 0.0030984385
0.0194632457 0.0028928118
0.0210812994 0.0026320389
0.0226952759 0.0023596431
0.0243183271 0.0022009967
0.0259719220 0.0021176527
0.0275716771 0.0019454689
0.0292197046 0.0018913969
0.0308430334 0.0017809613
0.0324744907 0.0017304147
0.0341237587 0.0015894703
0.0357159701 0.0014890966
0.0373448943 0.0014692672
0.0389943485 0.0013070357
0.0406302129 0.0013330787
0.0422061336 0.0012798380
0.0438750935 0.0012255406
0.0454341014 0.0012197936
0.0471030426 0.0011184829
0.0487288934 0.0010464077
0.0503701856 0.0009834220
0.0519986813 0.0010068929
0.0536346053 0.0011001871
0.0551928644 0.0009932733
0.0568516244 0.0008970047
0.0584525344 0.0009816275
0.0601210584 0.0008815186
0.0617055287 0.0007558194
0.0633655851 0.0007697184
0.0650014644 0.0007857124
0.0665631135 0.0008210462
0.0682436143 0.0007535520
0.0698627000 0.0006278949
0.0714943995 0.0006488081
0.0731403892 0.0006969713
0.0747625296 0.0006691556
0.0763559257 0.0006765675
0.0779541721 0.0006520563
0.0795498853 0.0005957070
0.0812050765 0.0005427326
0.0828650211 0.0004859531
0.0845063691 0.0005139880
0.0861652707 0.0005315056
0.0876825293 0.0004897756
0.0893473466 0.0004836270
0.0909501528 0.0004089307
0.0926817347 0.0004301282
0.0942552452 0.0004151063
0.0958951851 0.0004562642
0.0975208570 0.0004575454
0.0991489281 0.0004562283
0.1007471447 0.0004492886
0.1023898934 0.0003969665
0.1039616083 0.0004401640
0.1056658913 0.0004099458
0.1072743599 0.0003747348
0.1088709151 0.0004044422
0.1104825799 0.0004012667
0.1121461679 0.0004056906
0.1136861806 0.0003715943
0.1153195937 0.0003622194
0.1169739653 0.0003345856
0.1185533916 0.0003150728
0.1202464839 0.0002970604
0.1218166788 0.0003178512
0.1234697242 0.0003100384
0.1251682853 0.0003188298
0.1266505485 0.0002923593
0.1283540194 0.0003123202
0.1299800341 0.0002781124
0.1315789436 0.0003067569
0.1331785833 0.0002702631
0.1348228817 0.0002578656
0.1364262019 0.0002648364
0.1380679374 0.0002150558
0.1396447335 0.0002096328
0.1414727931 0.0002303344
0.1429932927 0.0002981813
0.1445404803 0.0002572806
0.1462046419 0.0002393310
0.1477977996 0.0002298036
0.1494163041 0.0002263474
0.1510434364 0.0002374157
0.1527031575 0.0001933842
0.1542846625 0.0002039968
0.1559042995 0.0002639852
0.1575188254 0.0002037800
0.1591031765 0.0002163495
0.1607926701 0.0001868913
0.1623323028 0.0002074773
0.1639862721 0.0001831014
0.1655594026 0.0001481274
0.1672963117 0.0001864497
0.1688299839 0.0001905158
0.1705196564 0.0001869269
0.1721078669 0.0002020504
0.1737102782 0.0001840604
0.1753473495 0.0001952441
0.1768696969 0.0001789993
0.1785388057 0.0001182731
0.1801882451 0.0001486435
0.1818400537 0.0001860768
0.1832848852 0.0001439373
0.1849886988 0.0001349763
0.1867006932 0.0001496526
0.1883125370 0.0001689065
0.1898170923 0.0001542040
0.1914657717 0.0001085658
0.1931857829 0.0001302422
0.1948306923 0.0001423733
0.1964327459 0.0001348802
0.1979181086 0.0001301377
0.1995993768 0.0001210758
0.2012196397 0.0001192076
0.2028494989 0.0001080989
0.2044703131 0.0001425914
0.2059740191 0.0001263137
0.2077399557 0.0001338691
0.2091626440 0.0001206583
0.2109201913 0.0001413637
0.2124292915 0.0001043577
0.2141455029 0.0001115648
0.2157079046 0.0001164535
0.2174341147 0.0000958999
0.2189846103 0.0001176550
0.2204538946 0.0001231546
0.2222118144 0.0001065879
0.2238078629 0.0001530942
0.2254121666 0.0001270346
0.2270790403 0.0001197600
0.2285978113 0.0001321269
0.2301764553 0.0000947571
0.2318540876 0.0000970399
0.2334109162 0.0001001838
0.2350162332 0.0000889646
0.2366338586 0.0001090194
0.2382972454 0.0001063271
0.2397532229 0.0001049406
0.2413865243 0.0000858942
0.2430749898 0.0000762750
0.2446726923 0.0001198731
0.2462278371 0.0001053906
0.2479498153 0.0001021819
0.2494274293 0.0000973160
0.2511473064 0.0001007888
0.2526799207 0.0000970955
0.2542548244 0.0000805398
0.2559332018 0.0000712738
0.2575077777 0.0000684381
0.2592166131 0.0000571242
0.2607025568 0.0000791143
0.2623960440 0.0000877272
0.2638301914 0.0000871153
0.2654449408 0.0001057917
0.2669808631 0.0000642574
0.2688101296 0.0000868539
0.2703583305 0.0000929995
0.2717856233 0.0000753093
0.2734411423 0.0001099949
0.2750353281 0.0001028709
0.2767206495 0.0000907383
0.2781649594 0.0000979452
0.2797990208 0.0000746266
0.2813366418 0.0000583109
0.2828968530 0.0000683055
0.2846609418 0.0000504323
0.2862848704 0.0000589190
0.2877256339 0.0000586965
0.2895989184 0.0000669491
0.2908883457 0.0000837965
0.2926027839 0.0000645062
0.2943165367 0.0000656386
0.2959549789 0.0000638898
0.2973300581 0.0000735378
0.2988680665 0.0000527321
0.3005290394 0.0000522317
0.3021932607 0.0000633882
0.3036372726 0.0000579326
0.3052429025 0.0000550603
0.3069559400 0.0000530505
0.3085651760 0.0000704880
0.3101645474 0.0000614820
0.3114522462 0.0000587968
0.3133183186 0.0000421402
0.3146779602 0.0000494370
0.3165777092 0.0000435719
0.3180233305 0.0000632355
0.3197204535 0.0000475432
0.3210539882 0.0000299570
0.3229781752 0.0000466431
0.3245423799 0.0000694395
0.3261856203 0.0000628479
0.3274141614 0.0000724774
0.3290914361 0.0000601700
0.3306276267 0.0000498430
0.3322184746 0.0000347023
0.3339451318 0.0000395366
0.3352461522 0.0000405108
0.3370522921 0.0000334933
0.3387780850 0.0000350544
0.3402352397 0.0000535779
0.3416746025 0.0000439018
0.3433535759 0.0000347633
0.3449992006 0.0000493822
0.3466654484 0.0000299943
0.3480041986 0.0000663934
0.3495206301 0.0000545176
0.3513562744 0.0000383793
0.3528823917 0.0000425573
0.3544887369 0.0000497641
0.3560172682 0.0000426151
0.3576229577 0.0000454287
0.3591961329 0.0000459539
0.3605284755 0.0000447750
0.3621931140 0.0000335602
0.3638275628 0.0000328706
0.3653295403 0.0000400109
0.3668762212 0.0000392619
0.3687113588 0.0000471880
0.3700696890 0.0000451167
0.3715362315 0.0000374032
0.3732768958 0.0000423421
0.3748884563 0.0000334760
0.3763352697 0.0000489826
0.3778682117 0.0000356006
0.3794334893 0.0000383513
0.3810115521 0.0000390587
0.3824711208 0.0000398758
0.3839196031 0.0000309922
0.3857314055 0.0000270896
0.3875429993 0.0000259387
0.3889177804 0.0000257824
0.3904018168 0.0000303880
0.3919967477 0.0000309434
0.3936678832 0.0000252923
0.3951315944 0.0000332752
0.3969271843 0.0000341774
0.3982366984 0.0000477191
0.3997410004 0.0000350229
0.4013018970 0.0000289640
0.4028542106 0.0000304396
0.4043448632 0.0000130245
0.4062255983 0.0000365613
0.4077282612 0.0000317767
0.4090769057 0.0000439551
0.4107075398 0.0000307263
0.4120405083 0.0000233568
0.4137670462 0.0000248115
0.4152985578 0.0000350113
0.4168369536 0.0000372110
0.4184657102 0.0000194523
0.4198765223 0.0000402794
0.4212834899 0.0000286764
0.4228416448 0.0000323388
0.4245297377 0.0000152089
0.4262967174 0.0000206872
0.4275599484 0.0000202102
0.4292632108 0.0000244047
0.4305321937 0.0000211469
0.4322840934 0.0000096915
0.4341127937 0.0000238009
0.4356871312 0.0000187748
0.4368576174 0.0000320265
0.4385072355 0.0000419961
0.4399927621 0.0000325485
0.4417370920 0.0000134490
0.4431998794 0.0000356842
0.4446325068 0.0000334043
0.4462715154 0.0000283032
0.4478364055 0.0000238182
0.4492619698 0.0000147246
0.4508038824 0.0000259415
0.4525540833 0.0000228583
0.4540628557 0.0000359325
0.4555180137 0.0000213581
0.4568940763 0.0000275057
0.4580623274 0.0000250207
0.4601129358 0.0000137424
0.4612946873 0.0000169936
0.4627830153 0.0000167054
0.4645500247 0.0000115101
0.4661969905 0.0000154493
0.4679312472 0.0000182077
0.4693297212 0.0000456898
0.4706400399 0.0000236599
0.4722081189 0.0000177175
0.4737111096 0.0000161165
0.4753406410 0.0000172956
0.4769236510 0.0000178559
0.4782134061 0.0000280443
0.4799075489 0.0000166432
0.4813602631 0.0000279292
0.4826802676 0.0000142064
0.4844003384 0.0000178426
0.4860600893 0.0000132462
0.4874776666 0.0000328663
0.4889528518 0.0000308459
0.4902477329 0.0000203252
0.4918867116 0.0000183814
0.4935407107 0.0000171099
0.4949216609 0.0000233946
0.4963592653 0.0000166723
0.4980246787 0.0000126386
0.4999008541 0.0000231079
0.5009054904 0.0000395261
0.5024885302 0.0000252769
0.5039596324 0.0000133350
0.5052732592 0.0000214892
0.5071881180 0.0000128367
0.5085952644 0.0000273139
0.5102093582 0.0000215946
0.5112954144 0.0000243746
0.5129466419 0.0000194717
0.5146023993 0.0000161495
0.5156363611 0.0000148357
0.5176630979 0.0000093268
0.5191960101 0.0000167235
0.5205541019 0.0000111962
0.5218769078 0.0000285669
0.5236652260 0.0000129219
0.5249535208 0.0000208177
0.5264708762 0.0000102451
0.5280106430 0.0000103551
0.5294645791 0.0000160318
0.5308393006 0.0000095970
0.5324452286 0.0000251888
0.5338125591 0.0000170525
0.5354654555 0.0000140053
0.5370781188 0.0000113065
0.5383651619 0.0000110991
0.5400064354 0.0000134187
0.5413948064 0.0000113817
0.5429494147 0.0000119465
0.5442296033 0.0000149507
0.5460425978 0.0000353531
0.5473579531 0.0000148316
0.5488632684 0.0000188462
0.5500800376 0.0000095933
0.5516788726 0.0000076983
0.5533151393 0.0000117398
0.5549821620 0.0000098557
0.5562418466 0.0000138197
0.5577889447 0.0000126000
0.5591284995 0.0000136552
0.5605944757 0.0000081537
0.5622949963 0.0000154937
0.5639360909 0.0000124782
0.5652622943 0.0000109391
0.5668430095 0.0000223600
0.5680367713 0.0000128939
0.5694830184 0.0000175357
0.5710308318 0.0000109074
0.5725824003 0.0000101746
0.5738923912 0.0000102113
0.5753916268 0.0000123695
0.5765008693 0.0000114001
0.5782786374 0.0000114272
0.5798055296 0.0000055918
0.5814649825 0.0000099013
0.5826827650 0.0000159918
0.5838556652 0.0000165223
0.5858499770 0.0000096179
0.5872611766 0.0000241508
0.5883785849 0.0000151524
0.5898973708 0.0000099492
0.5910806422 0.0000189683
0.5928544765 0.0000102559
0.5943299298 0.0000033690
0.5956130390 0.0000101291
0.5970815783 0.0000158334
0.5985996490 0.0000084489
0.5999610786 0.0000123720
0.6016094451 0.0000071892
0.6030474668 0.0000132438
0.6043785577 0.0000053489
0.6057896976 0.0000169029
0.6070968871 0.0000092393
0.6083693271 0.0000129845
0.6101389294 0.0000048842
0.6115468507 0.0000047854
0.6132067208 0.0000102264
0.6149390702 0.0000158871
0.6158834462 0.0000099429
0.6175210838 0.0000107970
0.6189374690 0.0000216081
0.6201922064 0.0000083755
0.6214694147 0.0000112094
0.6228042011 0.0000176678
0.6244337921 0.0000048164
0.6255834465 0.0000082548
0.6272978549 0.0000057504
0.6289804940 0.0000105044
0.6301369433 0.0000141402
0.6316104298 0.0000046616
0.6331235533 0.0000156792
0.6342329745 0.0000065332
0.6357803111 0.0000058740
0.6374357109 0.0000095349
0.6385439401 0.0000154214
0.6402073865 0.0000071330
0.6416597133 0.0000148129
0.6429536705 0.0000076027
0.6446154480 0.0000097309
0.6460386281 0.0000196339
0.6473285322 0.0000090072
0.6483989720 0.0000055491
0.6504094367 0.0000105016
0.6514826183 0.0000086687
0.6528257494 0.0000129873
0.6540722613 0.0000121817
0.6552139883 0.0000055979
0.6573017006 0.0000077127
0.6583423381 0.0000139308
0.6594668393 0.0000067835
0.6611531739 0.0000084852
0.6625969772 0.0000044028
0.6643836861 0.0000114914
0.6652815108 0.0000047670
0.6667855744 0.0000068313
0.6679950719 0.0000057581
0.6697131758 0.0000059905
0.6706608300 0.0000052871
0.6723820333 0.0000022565
0.6739774709 0.0000159594
0.6747843986 0.0000107098
0.6765910749 0.0000039410
0.6778225069 0.0000094548
0.6788339977 0.0000107345
0.6803517704 0.0000033844
0.6821753149 0.0000018431
0.6829815869 0.0000047557
0.6847233539 0.0000100339
0.6861926084 0.0000017978
0.6879145865 0.0000048974
0.6890306239 0.0000070742
0.6902442341 0.0000115427
0.6915808682 0.0000090372
0.6929263835 0.0000059758
0.6943307881 0.0000187848
0.6956353550 0.0000032230
0.6971531873 0.0000085344
0.6982812052 0.0000137620
0.7000541453 0.0000026139
0.7009750371 0.0000095096
0.7028750544 0.0000024580
0.7041421895 0.0000068500
0.7056773071 0.0000059425
0.7063926821 0.0000062728
0.7079702382 0.0000032776
0.7093110447 0.0000015844
0.7107866769 0.0000021831
0.7119664316 0.0000073614
0.7137821083 0.0000037694
0.7153346901 0.0000069501
0.7164267664 0.0000043477
0.7174572711 0.0000093001
0.7186631327 0.0000063026
0.7200727825 0.0000026256
0.7213223343 0.0000016934
0.7226649885 0.0000027451
0.7244222527 0.0000012188
0.7259891396 0.0000042921
0.7270323997 0.0000101971
0.7283066874 0.0000028422
0.7294938331 0.0000037608
0.7308544879 0.0000061003
0.7322006588 0.0000009938
0.7342594032 0.0000044484
0.7354959016 0.0000056653
0.7361885076 0.0000082955
0.7375462418 0.0000028873
0.7389963036 0.0000090812
0.7401960855 0.0000037318
0.7411871915 0.0000066120
0.7428855066 0.0000048207
0.7440088754 0.0000078953
0.7452960377 0.0000044794
0.7468036776 0.0000028280
0.7483256226 0.0000022043
0.7495234375 0.0000017404
0.7508314614 0.0000023146
0.7519615655 0.0000099868
0.7535451417 0.0000035671
0.7545413141 0.0000028816
0.7558578615 0.0000070002
0.7572642927 0.0000039792
0.7587100034 0.0000032610
0.7600422268 0.0000036622
0.7612846260 0.0000058006
0.7622037892 0.0000129575
0.7637982135 0.0000183125
0.7647675638 0.0000145411
0.7664468651 0.0000025285
0.7675891285 0.0000004529
0.7691989903 0.0000024814
0.7702549462 0.0000088035
0.7716266875 0.0000045859
0.7727274065 0.0000025342
0.7739379768 0.0000008810
0.7758151059 0.0000046558
0.7764993076 0.0000072911
0.7778661017 0.0000025442
0.7786721354 0.0000016139
0.7806798582 0.0000028890
0.7819905643 0.0000017933
0.7836349373 0.0000028437
0.7845882540 0.0000079937
0.7859709029 0.0000135872
0.7870339518 0.0000079536
0.7878861194 0.0000077902
0.7892081504 0.0000047406
0.7905845408 0.0000042055
0.7915815477 0.0000030647
0.7934058671 0.0000021350
0.7943143015 0.0000145121
0.7953845029 0.0000040937
0.7968193059 0.0000016914
0.7978427773 0.0000014579
0.7994295125 0.0000006542
0.8003341322 0.0000036697
0.8013106947 0.0000060085
0.8038651114 0.0000015929
0.8044121032 0.0000037115
0.8054257994 0.0000033329
0.8068625097 0.0000012112
0.8081451421 0.0000050400
0.8091798191 0.0000014127
0.8103375201 0.0000069302
0.8114964728 0.0000014198
0.8127522235 0.0000030559
0.8140248423 0.0000017895
0.8158948784 0.0000003917
0.8171242242 0.0000023531
0.8180711036 0.0000034450
0.8194640641 0.0000057165
0.8203530078 0.0000007482
0.8222748404 0.0000063626
0.8231506114 0.0000035960
0.8244480853 0.0000061814
0.8250725632 0.0000007466
0.8271389370 0.0000024628
0.8280152445 0.0000096915
0.8292400603 0.0000054111
0.8302762275 0.0000086979
0.8318407302 0.0000028465
0.8325340514 0.0000028172
0.8336756592 0.0000047058
0.8352066641 0.0000002804
0.8366527920 0.0000084015
0.8375951414 0.0000014666
0.8386371498 0.0000054367
0.8400302296 0.0000029151
0.8410341506 0.0000025791
0.8420692449 0.0000084462
0.8432637219 0.0000030605
0.8438269858 0.0000007425
0.8461703424 0.0000026901
0.8476181393 0.0000075733
0.8478476171 0.0000025347
0.8493494754 0.0000055595
0.8507097726 0.0000023733
0.8516040807 0.0000024562
0.8527828221 0.0000040894
0.8546529775 0.0000049231
0.8553395038 0.0000034965
0.8564343815 0.0000091316
0.8574900990 0.0000111915
0.8585958247 0.0000012170
0.8598257070 0.0000011356
0.8607684140 0.0000003252
0.8618005877 0.0000021885
0.8635871177 0.0000047249
0.8643647199 0.0000018160
0.8654715185 0.0000012420
0.8668038015 0.0000020003
0.8676332598 0.0000023238
0.8692481284 0.0000001861
0.8702648048 0.0000002277
0.8713912134 0.0000006659
0.8725165491 0.0000005010
0.8733739619 0.0000018994
0.8743975525 0.0000014200
0.8757964735 0.0000008528
0.8771317964 0.0000005197
0.8783892159 0.0000051722
0.8791849380 0.0000087012
0.8807616596 0.0000040192
0.8821128373 0.0000011760
0.8827178841 0.0000172389
0.8837668066 0.0000074371
0.8850754266 0.0000014939
0.8857300048 0.0000046277
0.8873163824 0.0000013921
0.8880224590 0.0000115608
0.8888238435 0.0000025360
0.8906434541 0.0000004478
0.8916124468 0.0000040668
0.8927655582 0.0000017896
0.8938447599 0.0000033400
0.8946714168 0.0000011219
0.8964685564 0.0000056843
0.8969192867 0.0000032069
0.8986120586 0.0000060868
0.8990089660 0.0000002342
0.9004029994 0.0000012644
0.9015984898 0.0000038047
0.9026090269 0.0000010199
0.9036239748 0.0000053023
0.9044615393 0.0000042445
0.9057025676 0.0000020701
0.9066695933 0.0000020136
0.9078359370 0.0000010571
0.9089728360 0.0000042804
0.9096733098 0.0000033726
0.9107245569 0.0000015280
0.9123965864 0.0000032029
0.9129386311 0.0000019406
0.9141600494 0.0000017938
0.9155108099 0.0000006653
0.9162769680 0.0000062755
0.9171891575 0.0000035711
0.9179206257 0.0000040761
0.9193756347 0.0000034010
0.9198405509 0.0000064907
0.9206874137 0.0000030009
0.9220117693 0.0000010964
0.9235909944 0.0000004128
0.9242632751 0.0000022057
0.9250413542 0.0000002107
0.9265191917 0.0000005468
0.9273417954 0.0000046843
0.9289833670 0.0000065112
0.9297865992 0.0000005444
0.9305400019 0.0000034721
0.9314424162 0.0000019704
0.9318818812 0.0000005419
0.9329485064 0.0000022287
0.9347435002 0.0000009290
0.9354285960 0.0000033087
0.9369379644 0.0000021484
0.9378270869 0.0000024990
0.9384975796 0.0000047215
0.9389786487 0.0000046336
0.9398471479 0.0000055619
0.9407679205 0.0000009886
0.9426420097 0.0000000176
0.9434788589 0.0000018860
0.9446877007 0.0000060044
0.9457265501 0.0000015493
0.9460900788 0.0000064873
0.9468245869 0.0000020136
0.9474890594 0.0000028801
0.9488569264 0.0000003218
0.9493586187 0.0000004751
0.9507536654 0.0000019965
0.9513304000 0.0000027589
0.9521106248 0.0000017567
0.9533926611 0.0000006623
0.9551990991 0.0000000848
0.9556869035 0.0000048352
0.9561826949 0.0000003675
0.9568719034 0.0000023102
0.9580503469 0.0000019702
0.9597996836 0.0000023055
0.9601862197 0.0000043017
0.9609861140 0.0000039448
0.9618235593 0.0000008466
0.9632745152 0.0000017466
0.9636557465 0.0000002069
0.9645088677 0.0000009732
0.9651028280 0.0000031558
0.9660249119 0.0000004783
0.9662472372 0.0000008982
0.9671706920 0.0000012194
0.9681926732 0.0000032972
0.9685129290 0.0000119406
0.9699802761 0.0000005446
0.9702597027 0.0000015636
0.9716201787 0.0000005964
0.9722702866 0.0000028382
0.9730447297 0.0000009013
0.9734118943 0.0000003317
0.9747412567 0.0000001938
0.9759234552 0.0000001572
0.9762528901 0.0000003722
0.9765679007 0.0000011496
0.9772836332 0.0000033314
0.9779394631 0.0000003029
0.9798688059 0.0000062952
0.9805913334 0.0000013652
0.9811630611 0.0000022668
0.9819211130 0.0000001290
0.9833984141 0.0000005361
0.9845176702 0.0000074845
0.9852437143 0.0000000556
0.9854609733 0.0000008859
0.9862938290 0.0000004342
0.9863809710 0.0000032688
0.9871120219 0.0000003635
0.9882049327 0.0000001135
0.9891342287 0.0000017116
0.9896672730 0.0000000084
0.9902612929 0.0000030511
0.9922006493 0.0000076205
0.9925536876 0.0000066412
0.9930729632 0.0000010747
0.9946272736 0.0000006685
0.9949879413 0.0000076986
0.9950877194 0.0000012360
0.9965142374 0.0000009359
0.9974426990 0.0000001549
0.9982403283 0.0000000317
0.9989027147 0.0000002976
0.9994196062 0.0000035743
1.0003010993 0.0000013465
1.0018029575 0.0000002063
1.0021803741 0.0000001868
1.0029101734 0.0000000649
1.0043335323 0.0000002673
1.0051578646 0.0000000011
1.0055104856 0.0000029724
1.0059458380 0.0000010240
1.0078647499 0.0000032563
1.0082676773 0.0000000941
1.0091636543 0.0000000051
1.0102348690 0.0000002217
1.0118008022 0.0000000220
1.0124153261 0.0000004535
1.0125781660 0.0000008880
1.0132093792 0.0000016953
1.0137350922 0.0000009528
1.0139843588 0.0000000074
1.0153589611 0.0000001273
1.0167708759 0.0000001707
1.0178919201 0.0000010883
1.0181564455 0.0000002926
1.0192776089 0.0000077815
1.0202563171 0.0000012870
1.0207108622 0.0000036553
1.0216248398 0.0000046836
1.0219560032 0.0000004858
1.0226276283 0.0000000247
1.0238993530 0.0000002538
1.0258925323 0.0000022245
1.0264475708 0.0000018497
1.0273378258 0.0000000017
1.0279590254 0.0000007719
1.0291436081 0.0000044016
1.0297069912 0.0000005211
1.0315052633 0.0000005482
1.0316890841 0.0000039327
1.0324794416 0.0000002395
1.0332248573 0.0000018412
1.0338858728 0.0000066249
1.0345476036 0.0000000016
1.0359501009 0.0000000097
1.0364479189 0.0000032579
1.0369913940 0.0000000095
1.0385902290 0.0000000303
1.0393835669 0.0000083622
1.0407479172 0.0000000356
1.0413750772 0.0000015732
1.0426720743 0.0000000263
1.0430496101 0.0000017982
1.0438833599 0.0000000530
1.0445237522 0.0000013749
1.0458503132 0.0000000463
1.0467003946 0.0000004193
1.0472802286 0.0000000792
1.0487323170 0.0000014345
1.0495279198 0.0000003449
1.0500384932 0.0000002575
1.0510132675 0.0000002577
1.0523301725 0.0000001470
1.0529051189 0.0000032181
1.0533683662 0.0000000545
1.0544798737 0.0000018074
1.0556279783 0.0000000162
1.0562104349 0.0000003065
1.0578818684 0.0000004389
1.0590227013 0.0000026434
1.0593014126 0.0000015149
1.0600043898 0.0000000696
1.0608182316 0.0000001135
1.0623368387 0.0000051996
1.0642271404 0.0000032943
1.0648191338 0.0000036772
1.0652929907 0.0000023974
1.0663358335 0.0000000006
1.0676515465 0.0000000307
1.0682787066 0.0000000001
1.0686047440 0.0000000783
1.0698422556 0.0000000064
1.0714211826 0.0000000015
1.0720618134 0.0000000290
1.0735664730 0.0000029122
1.0738566284 0.0000045908
1.0745561485 0.0000001047
1.0753931170 0.0000003627
1.0770722990 0.0000002287
1.0777726536 0.0000109711
1.0781567459 0.0000021594
1.0790231590 0.0000000174
1.0805215006 0.0000023110
1.0817768936 0.0000027591
1.0827622776 0.0000057229
1.0831110840 0.0000024736
1.0842266445 0.0000029067
1.0853257542 0.0000000482
1.0869330530 0.0000018592
1.0884369974 0.0000004390
1.0885011320 0.0000014548
1.0891911154 0.0000001797
1.0900082951 0.0000000163
1.0913995867 0.0000100075
1.0916355019 0.0000036573
1.0926349525 0.0000000253
1.0932859545 0.0000001591
1.0958739882 0.0000000010
1.0964656239 0.0000017961
1.0978612070 0.0000023369
1.0993913774 0.0000045418
1.0997503166 0.0000015376
1.1002034311 0.0000030432
1.1012828712 0.0000021961
1.1022532349 0.0000013289
1.1023166542 0.0000000256
1.1043628817 0.0000053370
1.1058034067 0.0000000005
1.1068420773 0.0000007207
1.1080022221 0.0000000888
1.1089092855 0.0000050076
1.1110762720 0.0000002070
1.1118976240 0.0000019137
1.1124313240 0.0000005886
1.1129651432 0.0000007229
1.1146115427 0.0000000367
1.1157317524 0.0000009693
1.1170302992 0.0000000193
1.1179292564 0.0000003251
1.1188197498 0.0000000433
1.1193277006 0.0000063766
1.1213349466 0.0000003604
1.1219642525 0.0000005304
1.1242840652 0.0000012372
1.1248369579 0.0000005700
1.1259049540 0.0000028842
1.1262568598 0.0000073611
1.1269855862 0.0000005578
1.1276883249 0.0000006597
1.1297470694 0.0000008429
1.1305815344 0.0000003290
1.1310614710 0.0000010512
1.1324030523 0.0000021510
1.1329411631 0.0000010788
1.1346478825 0.0000012895
1.1353915100 0.0000003194
1.1371913319 0.0000007712
1.1380354528 0.0000007237
1.1392376785 0.0000018999
1.1406944160 0.0000000153
1.1417715912 0.0000011308
1.1422833567 0.0000002805
1.1435643797 0.0000005869
1.1453018551 0.0000000469
1.1459203129 0.0000000928
1.1473029022 0.0000000206
1.1477201347 0.0000038190
1.1503715878 0.0000008549
1.1513462429 0.0000047631
1.1522409086 0.0000001923
1.1539720659 0.0000050444
1.1551233892 0.0000015363
1.1559483175 0.0000141343
1.1567274694 0.0000009148
1.1584933167 0.0000003217
1.1591440802 0.0000001129
1.1604323750 0.0000080810
1.1610695486 0.0000011377
1.1626154547 0.0000002952
1.1636753445 0.0000021664
1.1658575897 0.0000000005
1.1678519611 0.0000005509
1.1689679985 0.0000002077
1.1702193384 0.0000000093
1.1715842848 0.0000006593
1.1721698408 0.0000007914
1.1729845171 0.0000082582
1.1739399796 0.0000000447
1.1746278172 0.0000035553
1.1774443750 0.0000000466
1.1775180464 0.0000035679
1.1787833338 0.0000000051
1.1793405180 0.0000004905
1.1820655231 0.0000098085
1.1832430725 0.0000009076
1.1835509901 0.0000000328
1.1850983267 0.0000000171
1.1862142448 0.0000014592
1.1876300936 0.0000024501
1.1902487640 0.0000003143
1.1909804707 0.0000027238
1.1915727024 0.0000001275
1.1936633949 0.0000005152
1.1941478615 0.0000005061
1.1959829693 0.0000026509
1.1969784861 0.0000011431
1.1981102591 0.0000035597
1.1996039515 0.0000010837
1.2009489899 0.0000007110
1.2030148869 0.0000000004
1.2044226294 0.0000003123
1.2048938637 0.0000012091
1.2078190212 0.0000000039
1.2082839375 0.0000070428
1.2095034485 0.0000077095
1.2111475830 0.0000011305
1.2117939358 0.0000001810
1.2131569748 0.0000000794
1.2150018578 0.0000005988
1.2162571316 0.0000001304
1.2166400318 0.0000034301
1.2178093557 0.0000039768
1.2197603350 0.0000011816
1.2210313444 0.0000001966
1.2216803198 0.0000063704
1.2231907015 0.0000123821
1.2240070467 0.0000044506
1.2250078087 0.0000000706
1.2260402803 0.0000022393
1.2281979685 0.0000001740
1.2300335531 0.0000010453
1.2305561666 0.0000004234
1.2319856052 0.0000079940
1.2328710918 0.0000040295
1.2331915264 0.0000017212
1.2354739075 0.0000002497
1.2374166613 0.0000020115
1.2381577854 0.0000007284
1.2386805182 0.0000012547
1.2406125431 0.0000000347
1.2410267954 0.0000008068
1.2418952351 0.0000000351
1.2438382273 0.0000008205
1.2457584505 0.0000014322
1.2465494041 0.0000007041
1.2484654551 0.0000034119
1.2500181561 0.0000003878
1.2503623133 0.0000000072
1.2519137030 0.0000007544
1.2526735430 0.0000026513
1.2550773983 0.0000002106
1.2558688288 0.0000025099
1.2573961382 0.0000000845
1.2591714029 0.0000019934
1.2597265606 0.0000000823
1.2615751390 0.0000013752
1.2641573315 0.0000013313
1.2653879290 0.0000000455
1.2657188540 0.0000003898
1.2666366463 0.0000000155
1.2695523863 0.0000001835
1.2705607777 0.0000017034
1.2725638514 0.0000007961
1.2744793062 0.0000052648
1.2765506868 0.0000016604
1.2772406702 0.0000005476
1.2776576643 0.0000051537
1.2790648108 0.0000000822
1.2809452181 0.0000016611
1.2817967300 0.0000004520
1.2834070091 0.0000003092
1.2844112282 0.0000004991
1.2853261595 0.0000000039
1.2869141464 0.0000002296
1.2877560024 0.0000002782
1.2898538475 0.0000010843
1.2900517349 0.0000002106
1.2926282053 0.0000013963
1.2954291468 0.0000007146
1.2960998182 0.0000056586
1.2980211143 0.0000004138
1.2995151644 0.0000030148
1.3000569706 0.0000050932
1.3013128405 0.0000077406
1.3029350405 0.0000000849
1.3041307096 0.0000002333
1.3050731783 0.0000000020
1.3092649345 0.0000103475
1.3101550703 0.0000000542
1.3115015392 0.0000004929
1.3132577305 0.0000065026
1.3164409761 0.0000002943
1.3166066771 0.0000000011
1.3181772594 0.0000045173
1.3198100691 0.0000019169
1.3216499453 0.0000006527
1.3232082491 0.0000036905
1.3244623308 0.0000071013
1.3253966932 0.0000006238
1.3260021572 0.0000001863
1.3288096552 0.0000002384
1.3302488689 0.0000000076
1.3321357136 0.0000008730
1.3327826624 0.0000015787
1.3340562944 0.0000021204
1.3359277611 0.0000003610
1.3375678425 0.0000043764
1.3390615349 0.0000002336
1.3402520781 0.0000003768
1.3420232897 0.0000015872
1.3437168961 0.0000008485
1.3452214365 0.0000001178
1.3463731174 0.0000000082
1.3472605114 0.0000030260
1.3492867117 0.0000091706
1.3500448828 0.0000035993
1.3527030115 0.0000003783
1.3537533646 0.0000001307
1.3561253910 0.0000007043
1.3588080769 0.0000000364
1.3602384691 0.0000010343
1.3623203402 0.0000015618
1.3638456230 0.0000013237
1.3652106886 0.0000010354
1.3659812574 0.0000000373
1.3678329353 0.0000014122
1.3685273294 0.0000063841
1.3713806038 0.0000002159
1.3725673323 0.0000002644
1.3745527630 0.0000011167
1.3756510382 0.0000013324
1.3781223660 0.0000001331
1.3792037134 0.0000008942
1.3806516294 0.0000004354
1.3825631504 0.0000001830
1.3838900690 0.0000001003
1.3871517544 0.0000021708
1.3888401155 0.0000046678
1.3901169662 0.0000003862
1.3905167942 0.0000000097
1.3919649487 0.0000077045
1.3948362236 0.0000013299
1.3966182833 0.0000004881
1.3982924585 0.0000003431
1.4005711441 0.0000006113
1.4008857374 0.0000024908
1.4038955336 0.0000025043
1.4047180777 0.0000033737
1.4067066078 0.0000001781
1.4086748724 0.0000032196
1.4094720249 0.0000000819
1.4151903753 0.0000029197
1.4155160551 0.0000054750
1.4164518480 0.0000057642
1.4204362993 0.0000001535
1.4216007357 0.0000056233
1.4230041866 0.0000018931
1.4249295359 0.0000005422
1.4255509739 0.0000035938
1.4280126457 0.0000036606
1.4284741049 0.0000000206
1.4310914640 0.0000089959
1.4333140020 0.0000000003
1.4347677593 0.0000051879
1.4355243807 0.0000007918
1.4365638857 0.0000012600
1.4384860163 0.0000000515
1.4412088757 0.0000025518
1.4468107586 0.0000010825
1.4472030764 0.0000000186
1.4494024878 0.0000002297
1.4508062963 0.0000001902
1.4527290230 0.0000048016
1.4561567669 0.0000017930
1.4594442015 0.0000003353
1.4607872133 0.0000023409
1.4626251822 0.0000009180
1.4641650085 0.0000006377
1.4662083750 0.0000027219
1.4681090479 0.0000019460
1.4708202248 0.0000003840
1.4715103273 0.0000003572
1.4757693176 0.0000000282
1.4766437178 0.0000055769
1.4826548462 0.0000000120
1.4829166298 0.0000007232
1.4871299629 0.0000000116
1.4880323772 0.0000000963
1.4910374050 0.0000009875
1.4931733971 0.0000001644
1.4943246012 0.0000051395
1.4974544411 0.0000040900
1.4983421926 0.0000000622
1.4994268780 0.0000012575
1.5039517050 0.0000046201
1.5051298504 0.0000109685
1.5084756975 0.0000000050
1.5094702606 0.0000043748
1.5126281147 0.0000006293
1.5133402710 0.0000003828
1.5154993896 0.0000010673
1.5191967850 0.0000015470
1.5205867653 0.0000000447
1.5238764648 0.0000048435
1.5247265463 0.0000002384
1.5271910791 0.0000003319
1.5291487341 0.0000016946
1.5323644047 0.0000004952
1.5361181860 0.0000005651
1.5371005898 0.0000003022
1.5406045084 0.0000000146
1.5421861773 0.0000000168
1.5439436798 0.0000007270
1.5469730263 0.0000005755
1.5488345985 0.0000032376
1.5507740145 0.0000008147
1.5543517237 0.0000000031
1.5571834211 0.0000001640
1.5600066547 0.0000041353
1.5609349375 0.0000003356
1.5632257824 0.0000004594
1.5668993359 0.0000012679
1.5703279142 0.0000003726
1.5715742474 0.0000023955
1.5739835863 0.0000000037
1.5770846968 0.0000006274
1.5777559643 0.0000001594
1.5813309317 0.0000065322
1.5832651024 0.0000002006
1.5862124329 0.0000021267
1.5906529789 0.0000003753
1.5956610804 0.0000001435
1.5978008871 0.0000036290
1.6016358500 0.0000082022
1.6037795906 0.0000003806
1.6052749519 0.0000002909
1.6085651283 0.0000005185
1.6125722294 0.0000027628
1.6144296293 0.0000015357
1.6174534922 0.0000000886
1.6189825897 0.0000023279
1.6232537394 0.0000010999
1.6237434511 0.0000000632
1.6256426935 0.0000005099
1.6310598021 0.0000015490
1.6354905729 0.0000000304
1.6366712217 0.0000048463
1.6391307478 0.0000001701
1.6420719986 0.0000004684
1.6443988447 0.0000003561
1.6454328661 0.0000006352
1.6496674185 0.0000005210
1.6525708799 0.0000000360
1.6576440697 0.0000001681
1.6597456102 0.0000002777
1.6612086658 0.0000002028
1.6638070707 0.0000009341
1.6681626205 0.0000003605
1.6707948809 0.0000021935
1.6720158224 0.0000001498
1.6786471968 0.0000000621
1.6804050570 0.0000000004
1.6849439507 0.0000011420
1.6888949041 0.0000002935
1.6897139912 0.0000009976
1.6924841766 0.0000006424
1.6931633120 0.0000075217
1.6973706846 0.0000001347
1.6993754272 0.0000000104
1.7025205259 0.0000032211
1.7102831964 0.0000007505
1.7135186558 0.0000011555
1.7146869068 0.0000006707
1.7168110971 0.0000089531
1.7184410458 0.0000014828
1.7204743986 0.0000000085
1.7273155813 0.0000022799
1.7311175232 0.0000002654
1.7329143648 0.0000053928
1.7346154814 0.0000010370
1.7409088974 0.0000000796
1.7444029217 0.0000008213
1.7482912903 0.0000001223
1.7516669397 0.0000011449
1.7540187006 0.0000025257
1.7565555935 0.0000001727
1.7581569319 0.0000015815
1.7623346214 0.0000008011
1.7672084932 0.0000010181
1.7713134651 0.0000008970
1.7760328417 0.0000001118
1.7830028896 0.0000012616
1.7835185890 0.0000000286
1.7877074842 0.0000013935
1.7906186943 0.0000000484
1.7975658541 0.0000000085
1.8010473614 0.0000008967
1.8053098087 0.0000000310
1.8082117205 0.0000000908
1.8105619316 0.0000009141
1.8136672144 0.0000026609
1.8164499168 0.0000007612
1.8203391199 0.0000011818
1.8275092010 0.0000028986
1.8312399750 0.0000072948
1.8358348970 0.0000000092
1.8419449692 0.0000010251
1.8430909281 0.0000009785
1.8446020250 0.0000003117
1.8475379114 0.0000039465
1.8516594534 0.0000010600
1.8539426689 0.0000000190
1.8566038971 0.0000030806
1.8639920120 0.0000024136
1.8669803505 0.0000000508
1.8675854568 0.0000037741
1.8761145239 0.0000002766
1.8786735897 0.0000030640
1.8836974268 0.0000015324
1.8882418041 0.0000012866
1.8901769285 0.0000000455
1.8974358206 0.0000023027
1.9001177912 0.0000005223
1.9087845449 0.0000028276
1.9134151106 0.0000000001
1.9144626026 0.0000010060
1.9174707298 0.0000000500
1.9236470823 0.0000001849
1.9262115126 0.0000000886
1.9301314716 0.0000065046
1.9347178106 0.0000019732
1.9382584457 0.0000005524
1.9412125711 0.0000065960
1.9444003468 0.0000024456
1.9477979307 0.0000000056
1.9502178793 0.0000030739
1.9542627697 0.0000000563
1.9617628222 0.0000010268
1.9669067030 0.0000071140
1.9765006666 0.0000044457
1.9774524336 0.0000000810
1.9821178083 0.0000000164
1.9874771004 0.0000002073
1.9909915094 0.0000004228
1.9977294569 0.0000018513
2.0000341301 0.0000001893
2.0044031506 0.0000000017
2.0118785267 0.0000012745
2.0183201199 0.0000000078
2.0234084492 0.0000012662
2.0301881199 0.0000029479
2.0344148045 0.0000031154
2.0352166061 0.0000007600
2.0420904522 0.0000001989
2.0456171398 0.0000009626
2.0523517494 0.0000072073
2.0535145168 0.0000134914
2.0614652996 0.0000000450
2.0691841011 0.0000033659
2.0703912144 0.0000011473
2.0723708038 0.0000009708
2.0849011307 0.0000007498
2.0905273323 0.0000023846
2.0910098915 0.0000002958
2.0945413475 0.0000000025
2.1009724503 0.0000037742
2.1053927307 0.0000002523
2.1097953682 0.0000005712
2.1137123470 0.0000001313
2.1274249916 0.0000014621
2.1293409233 0.0000003826
2.1313472157 0.0000009606
2.1409888630 0.0000026160
2.1416836147 0.0000006022
2.1490655308 0.0000000894
2.1543898945 0.0000016228
2.1591477757 0.0000021100
2.1667731171 0.0000068170
2.1707363491 0.0000063782
2.1739430790 0.0000000049
2.1807098751 0.0000003985
2.1853773956 0.0000004887
2.1905339127 0.0000001766
2.1945829754 0.0000000034
2.2011092072 0.0000004889
2.2121043568 0.0000074637
2.2193725471 0.0000001494
2.2233043079 0.0000023793
2.2323122387 0.0000001790
2.2364688282 0.0000034361
2.2412026291 0.0000021483
2.2534027462 0.0000013732
2.2548864250 0.0000014617
2.2647686367 0.0000004143
2.2698774700 0.0000001371
2.2757614021 0.0000008998
2.2833464508 0.0000006794
2.2871470814 0.0000011705
2.2928183441 0.0000048699
2.2998140221 0.0000006169
2.3186176186 0.0000061174
2.3200047379 0.0000000768
2.3323481445 0.0000000872
2.3375251656 0.0000000333
2.3407998447 0.0000000081
2.3474114304 0.0000000459
2.3560784225 0.0000065684
2.3673258190 0.0000017231
2.3696532612 0.0000000384
2.3794734840 0.0000015930
2.3862965469 0.0000167518
2.3897889023 0.0000000292
2.3974058990 0.0000007366
2.4075374966 0.0000000866
2.4120612507 0.0000007959
2.4211867218 0.0000034338
2.4357030754 0.0000022001
2.4399772053 0.0000015254
2.4457948570 0.0000000853
2.4574611549 0.0000003451
2.4679723148 0.0000000421
2.4706547623 0.0000047920
2.4760020142 0.0000000632
2.4888882999 0.0000006271
2.4943640594 0.0000022557
2.5021851425 0.0000002534
2.5074522858 0.0000001960
2.5170362358 0.0000002621
2.5269370441 0.0000000023
2.5387843018 0.0000000848
2.5434568291 0.0000005016
2.5485878353 0.0000004471
2.5556443100 0.0000025698
2.5614891415 0.0000000063
2.5768027668 0.0000000478
2.5818624859 0.0000060442
2.5898361568 0.0000000549
2.5963046913 0.0000001694
2.6127260094 0.0000002447
2.6233375435 0.0000005162
2.6316655045 0.0000028484
2.6417463188 0.0000011209
2.6462331181 0.0000000386
2.6584816341 0.0000010609
2.6618502502 0.0000001008
2.6794126396 0.0000004128
2.6922600632 0.0000031213
2.6958301430 0.0000000765
2.7081170444 0.0000025209
2.7225330238 0.0000001328
2.7281282310 0.0000000692
2.7353985672 0.0000027663
2.7488098507 0.0000000228
2.7702231770 0.0000001273
2.7863254910 0.0000001091
2.7935417061 0.0000000088
2.8060810928 0.0000000584
2.8110735779 0.0000002535
2.8306770687 0.0000023344
2.8367894058 0.0000000440
2.8455720310 0.0000107063
2.8522401218 0.0000038472
2.8574192886 0.0000047781
2.8808770542 0.0000001937
2.8921501999 0.0000017564
2.9071390991 0.0000006042
2.9203436737 0.0000021340
2.9331617718 0.0000000219
2.9507065182 0.0000008076
2.9672832851 0.0000000212
2.9776153927 0.0000026014
2.9897365932 0.0000019107
3.0064020519 0.0000002661
3.0167367821 0.0000000900
3.0262155895 0.0000047701
3.0347822075 0.0000001548
3.0519955521 0.0000009187
3.0667729740 0.0000016191
3.0790582066 0.0000030581
3.0945413475 0.0000000039
3.1096744900 0.0000005130
3.1219478016 0.0000000078
3.1334545975 0.0000026953
3.1403367882 0.0000000399
3.1517920856 0.0000003837
3.1720893745 0.0000001001
3.2050121193 0.0000006790
3.2128327255 0.0000000650
3.2357871895 0.0000005968
3.2690627937 0.0000039539
3.2816312675 0.0000007161
3.2869806652 0.0000057832
3.2971680527 0.0000011624
3.3048947220 0.0000012427
3.3378360634 0.0000079842
3.3516793613 0.0000014824
3.3614547615 0.0000000763
3.3699248199 0.0000045162
3.4289110069 0.0000004166
3.4407077198 0.0000002272
3.4602465992 0.0000012987
3.4947398071 0.0000009534
3.5110082989 0.0000000049
3.5199170475 0.0000002014
3.5428874855 0.0000008035
3.5710764294 0.0000003844
3.5813997154 0.0000033803
3.5899553661 0.0000034833
3.6317830448 0.0000006799
3.6480138664 0.0000002150
3.6654744511 0.0000008582
3.7071478729 0.0000002280
3.7501104240 0.0000000204
3.7591677074 0.0000038594
3.7800906067 0.0000000029
3.8161921864 0.0000004930
3.8297303085 0.0000000984
3.8500380878 0.0000018777
3.8619938259 0.0000000013
3.8989868526 0.0000007771
3.9346542721 0.0000001097
3.9760973816 0.0000025589
3.9978354340 0.0000010428
4.0052588348 0.0000048794
4.0376518135 0.0000000172
4.0831802254 0.0000035586
4.1265905266 0.0000029380
4.1612022285 0.0000010145
4.1837280159 0.0000022373
4.2015774612 0.0000001824
4.2700398331 0.0000000488
4.2866409187 0.0000008129
4.3629095917 0.0000003093
4.4148805504 0.0000007702
4.4357140427 0.0000033077
4.4659645920 0.0000000223
4.4904487495 0.0000008038
4.5208824043 0.0000016240
4.5466258888 0.0000007001
4.6296604042 0.0000001240
4.6612527733 0.0000003194
4.7132542496 0.0000006973
4.7789104347 0.0000005879
4.7951729660 0.0000113498
4.8820317154 0.0000000871
4.9169581299 0.0000017045
4.9998829727 0.0000010754
5.0294845467 0.0000069298
5.0579436188 0.0000001238
5.1199920540 0.0000039416
5.1507661705 0.0000000719
5.2583535080 0.0000021775
5.3049219017 0.0000003404
5.3319113617 0.0000026323
5.4617197876 0.0000011626
5.5239203339 0.0000000480
5.6013572578 0.0000011108
5.7338931923 0.0000001211
5.7472479706 0.0000001456
5.8227732544 0.0000005622
5.8530981903 0.0000001813
5.9999764328 0.0000002822
6.0740096931 0.0000000233
6.2024944191 0.0000000235
6.3007190590 0.0000000733
6.3646567230 0.0000000664
6.4516280060 0.0000039187
6.5305469398 0.0000007267
6.7091362839 0.0000014872
6.8035805588 0.0000007829
6.9195082550 0.0000000612
6.9680388336 0.0000055946
7.0812247162 0.0000011766
7.2866399651 0.0000000181
7.3129046326 0.0000030646
7.4816897278 0.0000045257
7.6298926239 0.0000000874
7.7439821129 0.0000029034
8.0126679306 0.0000019514
8.1139605408 0.0000045303
8.2436468964 0.0000052294
8.4151108627 0.0000014469
8.6324704056 0.0000000496
8.7555487518 0.0000014308
8.8111632233 0.0000027519
9.1059019928 0.0000030066
9.1364615326 0.0000016073
9.2705176239 0.0000004803
9.5602305298 0.0000006063
9.6060030823 0.0000000027
9.9067824249 0.0000012636
10.0572035675 0.0000009778
10.3414271240 0.0000006694
10.7181971436 0.0000041228
10.8988964920 0.0000026554
11.0219347839 0.0000067156
11.3532317047 0.0000047105
11.5552475815 0.0000063375
11.8636343842 0.0000027076
12.6333163147 0.0000001217
12.9806464081 0.0000068291
13.3704474335 0.0000050263
13.7559750443 0.0000060043
14.0903303986 0.0000000870
14.5464718704 0.0000000102
14.9207508926 0.0000038985
15.1395790939 0.0000002075
15.8603995209 0.0000000019
16.0012247925 0.0000011404
16.9496233826 0.0000000372
17.3795264130 0.0000072707
17.6708205109 0.0000020790
18.1835883026 0.0000075186
18.7634776001 0.0000000042
20.0118601685 0.0000000010
20.7450964813 0.0000010420
21.2214568024 0.0000002694
22.6529333954 0.0000032167
23.2482626801 0.0000006047
24.0998938446 0.0000040307
24.7103121643 0.0000000297
26.5392744904 0.0000001948
27.6210215454 0.0000023348
30.1308749084 0.0000000808
30.5746004944 0.0000003086
34.0120356445 0.0000013356
35.3201754456 0.0000122271
38.5820773010 0.0000006776
43.7572710876 0.0000000081
45.7691309814 0.0000001310
48.3019488220 0.0000002909
53.0418703918 0.0000015494
66.0761225586 0.0000008798
71.0363352661 0.0000006221
95.9125635986 0.0000004981
104.9417460327 0.0000015006
111.2525523071 0.0000002655
119.9909403687 0.0000000130
133.4566614990 0.0000030637
147.3854334717 0.0000000467
206.9842036133 0.0000001247
271.8420222168 0.0000004923
333.1097834473 0.0000004130
