333.1094055176 0.0000004128
271.8413696289 0.0000004925
206.9838104248 0.0000001248
147.3851165771 0.0000000466
133.4562072754 0.0000030630
119.9902038574 0.0000000130
111.2518997192 0.0000002652
104.9412002563 0.0000015004
95.9121780396 0.0000004980
71.0358657837 0.0000006222
66.0756149292 0.0000008798
53.0412178040 0.0000015493
48.3015594482 0.0000002908
45.7687606812 0.0000001309
43.7567863464 0.0000000081
38.5814781189 0.0000006780
35.3197593689 0.0000122292
34.0115432739 0.0000013353
30.5741901398 0.0000003085
30.1304512024 0.0000000809
27.6205234528 0.0000023343
26.5388298035 0.0000001947
24.7098178864 0.0000000297
24.0994644165 0.0000040295
23.2478694916 0.0000006045
22.6525039673 0.0000032171
21.2209968567 0.0000002697
20.7445526123 0.0000010425
20.0113315582 0.0000000010
18.7630882263 0.0000000042
18.1831264496 0.0000075205
17.6703300476 0.0000020798
17.3789958954 0.0000072708
16.9490528107 0.0000000372
16.0007171631 0.0000011407
15.8599119186 0.0000000020
15.1390628815 0.0000002076
14.9202957153 0.0000039005
14.5459690094 0.0000000103
14.0898160934 0.0000000870
13.7554931641 0.0000060059
13.3699626923 0.0000050279
12.9801454544 0.0000068326
12.6328392029 0.0000001217
11.8631286621 0.0000027092
11.5547943115 0.0000063388
11.3527135849 0.0000047130
-9.5515546799 0.0000001804
11.0214099884 0.0000067199
10.8983383179 0.0000026559
10.7176847458 0.0000041249
10.3409633636 0.0000006697
10.0567169189 0.0000009784
9.9062480927 0.0000012643
-8.3441066742 0.0000027366
9.5596227646 0.0000006063
9.6055126190 0.0000000026
9.2699899673 0.0000004803
9.1359577179 0.0000016074
9.1054172516 0.0000030078
-8.0512256622 0.0000001616
-7.8182511330 0.0000019874
-7.4957799911 0.0000053480
8.8106288910 0.0000027523
8.7550125122 0.0000014308
8.6319894791 0.0000000497
8.4145631790 0.0000014459
8.2431478500 0.0000052288
8.1134967804 0.0000045304
8.0121994019 0.0000019523
-7.1526236534 0.0000000382
-6.9864063263 0.0000015051
-6.8775520325 0.0000000327
-6.4939393997 0.0000020036
7.7434859276 0.0000029042
7.6293978691 0.0000000874
7.4811897278 0.0000045257
-6.3178009987 0.0000005716
-6.0900359154 0.0000004377
7.3124313354 0.0000030657
7.2861242294 0.0000000181
7.0807385445 0.0000011776
-5.8323149681 0.0000030232
-5.7847704887 0.0000105349
6.9675545692 0.0000055965
6.9189743996 0.0000000613
6.8030514717 0.0000007834
6.7086362839 0.0000014880
-5.6225667000 0.0000024714
-5.5472488403 0.0000006843
6.5300679207 0.0000007278
6.4511070251 0.0000039175
6.3641109467 0.0000000664
6.3002290726 0.0000000732
6.2019867897 0.0000000235
6.0734786987 0.0000000232
5.9994506836 0.0000002823
-5.2853956223 0.0000017589
-5.2546424866 0.0000041644
-5.1977658272 0.0000007736
-5.0752220154 0.0000009390
-5.0424942970 0.0000001260
5.8525190353 0.0000001807
5.8222508430 0.0000005632
5.7466363907 0.0000001453
5.7333574295 0.0000001216
5.6008582115 0.0000011112
5.5233602524 0.0000000481
5.4611725807 0.0000011626
5.3313851357 0.0000026332
-4.9277319908 0.0000000037
5.3043708801 0.0000003401
5.2578020096 0.0000021780
-4.8498201370 0.0000027402
-4.7837285995 0.0000008736
-4.6832470894 0.0000030118
-4.6078219414 0.0000054244
5.1502232552 0.0000000718
5.1194920540 0.0000039435
5.0574131012 0.0000001224
5.0289220810 0.0000069278
4.9993891716 0.0000010776
-4.4832081795 0.0000009574
-4.4418520927 0.0000000966
-4.4025564194 0.0000057099
4.9164371490 0.0000017048
4.8815183640 0.0000000873
4.7947087288 0.0000113552
-4.3333921432 0.0000000498
-4.3116159439 0.0000000398
4.7783870697 0.0000005864
4.7127361298 0.0000006975
4.6607050896 0.0000003194
-4.1800289154 0.0000000196
-4.1547427177 0.0000007852
4.6291427612 0.0000001241
4.5460677147 0.0000006994
4.5203647614 0.0000016245
-4.0907983780 0.0000023244
-4.0651841164 0.0000024343
4.4899301529 0.0000008045
4.4654211998 0.0000000221
4.4351935387 0.0000033095
4.4143619537 0.0000007704
-4.0048341751 0.0000040065
-3.9964141846 0.0000008079
-3.9462270737 0.0000008390
4.3623623848 0.0000003092
4.2861008644 0.0000008134
-3.8883399963 0.0000010708
-3.8744437695 0.0000001210
4.2695093155 0.0000000488
4.2010536194 0.0000001814
4.1832089424 0.0000022384
4.1606788635 0.0000010150
-3.8534817696 0.0000000036
-3.8222038746 0.0000012289
-3.8152184486 0.0000011237
4.1260504723 0.0000029374
-3.7453067303 0.0000000163
-3.7189972401 0.0000004708
4.0826721191 0.0000035595
4.0047163963 0.0000048848
4.0371222496 0.0000000169
3.9972670078 0.0000010374
-3.6790952682 0.0000011085
3.9755513668 0.0000025595
-3.6544847488 0.0000021108
3.9340846539 0.0000001098
3.8984262943 0.0000007776
-3.6134243011 0.0000000026
-3.5709760189 0.0000076590
-3.5550651550 0.0000034612
3.8494696617 0.0000018768
3.8614623547 0.0000000012
3.8291597366 0.0000000982
3.8156328201 0.0000004937
-3.4949581623 0.0000036114
-3.5035049915 0.0000001340
-3.4686133862 0.0000000073
3.7795236111 0.0000000027
3.7585918903 0.0000038603
3.7495543957 0.0000000204
3.7066235542 0.0000002280
-3.4354262352 0.0000003206
-3.4212408066 0.0000019096
-3.3830235004 0.0000002659
-3.3674604893 0.0000002984
3.5893857479 0.0000034780
3.6649262905 0.0000008582
3.6312410831 0.0000006790
3.6474542618 0.0000002148
3.5808441639 0.0000033874
-3.3320288658 0.0000000832
-3.3162879944 0.0000000422
3.5705213547 0.0000003853
-3.2728548050 0.0000101978
-3.3003885746 0.0000027938
3.5423653126 0.0000008037
3.5193676949 0.0000002014
3.4597139359 0.0000013000
3.4941947460 0.0000009537
3.5104477406 0.0000000049
-3.2540910244 0.0000061272
-3.2635908127 0.0000004055
-3.2201342583 0.0000014569
-3.1893572807 0.0000000223
-3.1678774357 0.0000060353
-3.1548686028 0.0000062544
-3.1593840122 0.0000001493
3.4401676655 0.0000002267
-3.1225492954 0.0000031439
-3.1069242954 0.0000016321
3.4283699989 0.0000004177
-3.0944700241 0.0000001639
3.3694002628 0.0000045155
-3.0784287453 0.0000027314
-3.0616121292 0.0000075483
3.3608934879 0.0000000769
3.3372921944 0.0000079927
3.3511090279 0.0000014745
-3.0386297703 0.0000015772
-3.0287897587 0.0000010086
3.3043508530 0.0000012477
3.2966203690 0.0000011539
3.2685351372 0.0000039570
3.2864344120 0.0000057868
3.2810885906 0.0000007185
-2.9742748737 0.0000011703
-3.0061862469 0.0000003982
-2.9982864857 0.0000033219
-2.9941809177 0.0000001224
3.2352495193 0.0000005974
-2.9613692760 0.0000001859
-2.9189867973 0.0000049715
-2.9120213985 0.0000007633
3.2044699192 0.0000006792
3.2122764587 0.0000000651
3.1715490818 0.0000000999
-2.8722734451 0.0000055692
-2.8951721191 0.0000035721
-2.8826279640 0.0000019233
-2.8850646019 0.0000047546
3.1512460709 0.0000003837
3.1397936344 0.0000000394
3.1328971386 0.0000026978
-2.8534593582 0.0000013457
3.1091256142 0.0000005141
3.1214079857 0.0000000077
-2.8214814663 0.0000023888
-2.8315682411 0.0000000402
-2.7450270653 0.0000107334
3.0939912796 0.0000000038
3.0784947872 0.0000030602
3.0662143230 0.0000016180
3.0514686108 0.0000009198
-2.8059222698 0.0000001948
-2.8005800247 0.0000013861
-2.7688994408 0.0000016566
-2.7755079269 0.0000002902
-2.7843241692 0.0000000827
-2.7911553383 0.0000002872
3.0256874561 0.0000047710
3.0342478752 0.0000001569
3.0161974430 0.0000000902
3.0058503151 0.0000002655
2.9891910553 0.0000019130
2.9770750999 0.0000026032
2.9501945972 0.0000008084
2.9667506218 0.0000000211
2.9197959900 0.0000021365
2.9065957069 0.0000006040
2.8915951252 0.0000017558
2.9326143265 0.0000000216
2.8803465366 0.0000001939
2.8301310539 0.0000023349
2.8105392456 0.0000002540
2.8055293560 0.0000000583
2.8516983986 0.0000038388
2.8568732738 0.0000047873
2.8450069427 0.0000107108
2.8362419605 0.0000000444
-2.7285814285 0.0000000139
-2.7002761364 0.0000013705
-2.7180421352 0.0000000137
-2.7095947266 0.0000001831
-2.6607966423 0.0000011882
-2.6704680920 0.0000038105
-2.6804795265 0.0000000141
-2.6477713585 0.0000005684
-2.6053805351 0.0000044945
-2.6181247234 0.0000077635
-2.6279017925 0.0000002680
-2.6231427193 0.0000007270
-2.5849697590 0.0000005101
-2.5723018646 0.0000023822
-2.5632960796 0.0000004538
-2.5545072556 0.0000046484
-2.5340752602 0.0000027991
-2.5443334579 0.0000000048
-2.5299410820 0.0000000609
-2.5079870224 0.0000070600
2.7930159569 0.0000000088
2.7857971191 0.0000001091
2.7696959972 0.0000001272
-2.4726898670 0.0000094335
-2.4571843147 0.0000028008
-2.4456019402 0.0000000461
-2.4914247990 0.0000009206
-2.4534456730 0.0000003473
-2.4875617027 0.0000015351
-2.4813089371 0.0000012548
-2.5051460266 0.0000000260
2.7482824326 0.0000000227
2.7348718643 0.0000027696
2.7220058441 0.0000001328
2.7276046276 0.0000000687
2.7075927258 0.0000025212
2.6917202473 0.0000031226
2.6953160763 0.0000000745
2.6788873672 0.0000004132
2.6579613686 0.0000010597
2.6613230705 0.0000001026
2.6311371326 0.0000028505
2.6412160397 0.0000011176
2.6456949711 0.0000000391
2.6228082180 0.0000005177
2.6121940613 0.0000002448
2.5957767963 0.0000001684
2.5893127918 0.0000000547
2.4569389820 0.0000003451
2.5762717724 0.0000000481
2.5813322067 0.0000060442
2.5551180840 0.0000025721
2.5165104866 0.0000002620
2.4883594513 0.0000006276
2.4701216221 0.0000047907
2.4674565792 0.0000000427
2.4754900932 0.0000000638
2.4938361645 0.0000022588
2.5016524792 0.0000002533
2.5609655380 0.0000000064
2.5480670929 0.0000004476
2.5429325104 0.0000005019
2.5382614136 0.0000000851
2.5264163017 0.0000000023
2.5069210529 0.0000001958
-2.4188230038 0.0000004760
-2.4286170006 0.0000000746
-2.4248871803 0.0000000660
-2.4147992134 0.0000016546
-2.4018599987 0.0000038920
-2.3964529037 0.0000024622
-2.3836503029 0.0000025728
-2.3697087765 0.0000005492
-2.3794047832 0.0000001235
-2.3767817020 0.0000001006
-2.3594794273 0.0000001350
-2.3384425640 0.0000005545
-2.3421001434 0.0000016633
-2.3485586643 0.0000001720
-2.2473144531 0.0000067500
-2.2541480064 0.0000036944
-2.3237745762 0.0000004483
-2.3034369946 0.0000029505
-2.3104979992 0.0000064577
-2.3136150837 0.0000000830
-2.3012704849 0.0000002499
-2.2886996269 0.0000001706
-2.2799136639 0.0000004128
-2.2729749680 0.0000028237
-2.2835402489 0.0000001420
-2.2721464634 0.0000001270
2.4351909161 0.0000022050
2.4394652843 0.0000015248
2.4452848434 0.0000000852
2.4206738472 0.0000034344
2.4115436077 0.0000007972
2.4070076942 0.0000000873
2.2528841496 0.0000013691
2.3968846798 0.0000007388
2.3789491653 0.0000015985
2.3892822266 0.0000000286
2.3857717514 0.0000167502
2.2543668747 0.0000014740
2.3668053150 0.0000017294
2.3691294193 0.0000000391
2.3555536270 0.0000065710
2.2642598152 0.0000004141
2.2993061543 0.0000006197
2.3180959225 0.0000061208
2.2923095226 0.0000048669
2.2693712711 0.0000001377
2.2752549648 0.0000009009
2.2828431129 0.0000006788
2.2866442204 0.0000011725
2.3468961716 0.0000000463
2.3318328857 0.0000000869
2.3195137978 0.0000000737
2.3370113373 0.0000000335
2.3402874470 0.0000000080
-2.2354466915 0.0000004457
-2.1949965954 0.0000013112
-2.2051508427 0.0000008943
-2.2115631104 0.0000026292
-2.2127416134 0.0000021117
-2.2241795063 0.0000000347
-2.2281272411 0.0000001549
-2.2269608974 0.0000000542
-2.1846778393 0.0000016551
-2.1310062408 0.0000019841
-2.1787085533 0.0000061147
-2.1520330906 0.0000002630
-2.1457445621 0.0000044918
-2.1373238564 0.0000000920
-2.1634118557 0.0000007387
-2.1671464443 0.0000007869
-2.1390900612 0.0000000465
-2.1695060730 0.0000000182
2.2406895161 0.0000021567
2.2359485626 0.0000034306
2.2318046093 0.0000001791
2.2227873802 0.0000023777
2.2115783691 0.0000074658
2.1269159317 0.0000014722
2.1308505535 0.0000009555
2.1288530827 0.0000003815
2.2188651562 0.0000001491
2.2005908489 0.0000004880
2.1586339474 0.0000021143
2.1538865566 0.0000016243
2.1404809952 0.0000026170
2.1411809921 0.0000005943
2.1485579014 0.0000000896
2.1702270508 0.0000063769
2.1900277138 0.0000001762
2.1802079678 0.0000004001
2.1848721504 0.0000004891
2.1734440327 0.0000000049
2.1940908432 0.0000000034
2.1662633419 0.0000068250
-2.1228327751 0.0000001882
-2.1134333611 0.0000014627
-2.1158084869 0.0000002723
-2.1046202183 0.0000000611
-2.0426483154 0.0000221663
-2.0949537754 0.0000022027
-2.0460793972 0.0000012599
-2.0519802570 0.0000005164
-2.0764486790 0.0000058231
-2.0740954876 0.0000021908
-2.0831258297 0.0000001623
-2.0924263000 0.0000000494
-2.0615103245 0.0000009013
-2.0647711754 0.0000017858
-2.0664937496 0.0000013774
-2.0871906281 0.0000000003
2.0296928883 0.0000029502
2.0339128971 0.0000031301
2.0347197056 0.0000007504
2.1132054329 0.0000001305
2.0415935516 0.0000001991
2.0518476963 0.0000072522
2.0530080795 0.0000134530
2.1092901230 0.0000005708
2.0451197624 0.0000009637
2.0844025612 0.0000007490
2.1004688740 0.0000037810
2.1048977375 0.0000002523
2.0686717033 0.0000033583
2.0609557629 0.0000000445
2.0900266171 0.0000023921
2.0905089378 0.0000002910
2.0940449238 0.0000000025
2.0718717575 0.0000009730
2.0698771477 0.0000011568
-2.0368680954 0.0000011648
-2.0311598778 0.0000006601
-2.0247523785 0.0000003032
-2.0195150375 0.0000003882
-2.0050628185 0.0000009034
-2.0106542110 0.0000000747
-2.0153305531 0.0000000021
-2.0002703667 0.0000000275
-1.9867848158 0.0000013215
-1.9932982922 0.0000006324
-1.9904797077 0.0000007485
-1.9782826900 0.0000015520
-1.9550789595 0.0000001381
-1.9566355944 0.0000034694
-1.9740266800 0.0000114192
-1.9686940908 0.0000021812
-1.9650702477 0.0000013628
-1.9623401165 0.0000030340
1.9497174025 0.0000030791
1.9537487030 0.0000000571
1.9612652063 0.0000010298
1.9664061069 0.0000071189
2.0229046345 0.0000012666
2.0178284645 0.0000000077
2.0113744736 0.0000012769
1.9759994745 0.0000044493
1.9769488573 0.0000000812
1.9816173315 0.0000000166
1.9904907942 0.0000004234
1.9869755507 0.0000002068
1.9972225428 0.0000018508
1.9995394945 0.0000001889
2.0039126873 0.0000000017
-1.9480609894 0.0000000459
-1.9427741766 0.0000000564
-1.9381154776 0.0000066419
-1.9324359894 0.0000034633
-1.9280948639 0.0000034060
-1.9217543602 0.0000070125
-1.8806542158 0.0000023214
-1.8878831863 0.0000002707
-1.9016722441 0.0000030312
-1.8950107098 0.0000002930
-1.8967443705 0.0000003283
-1.9136254787 0.0000000368
-1.9388811588 0.0000000000
-1.9083958864 0.0000000289
1.7118581533 0.0000020445
1.7164845467 0.0000108178
1.9438608885 0.0000025320
1.9406354427 0.0000067311
1.9354027510 0.0000014258
1.9328286648 0.0000011582
1.9295327663 0.0000062898
1.9232225418 0.0000002240
1.8005082607 0.0000009076
1.9142423868 0.0000009681
1.9082019329 0.0000026936
1.8876717091 0.0000013927
1.8967469931 0.0000020379
1.8828594685 0.0000016013
1.8778970242 0.0000031730
1.9105410576 0.0000002279
1.8129396439 0.0000032788
1.8183866739 0.0000015379
1.8086919785 0.0000006179
1.8990275860 0.0000007895
1.8674077988 0.0000031975
1.8641909361 0.0000029029
1.8573102951 0.0000018818
1.8473902941 0.0000043137
1.8423633575 0.0000023672
1.8256480694 0.0000018542
1.8300200701 0.0000071188
1.8323155642 0.0000014741
1.8541822433 0.0000020003
1.7264678478 0.0000022042
1.7322909832 0.0000062508
1.7357367277 0.0000006764
1.7874865532 0.0000013281
1.7828469276 0.0000013599
1.7444218397 0.0000009589
1.7699660063 0.0000012692
1.7764611244 0.0000001817
1.7643359900 0.0000011646
1.7576360703 0.0000022633
1.7525732517 0.0000034037
-1.6763275862 0.0000069355
-1.9060161114 0.0000000002
-1.6791296005 0.0000010124
-1.8769743443 0.0000073552
-1.8675990105 0.0000030588
-1.8717099428 0.0000006561
-1.8650211096 0.0000042997
-1.8630182743 0.0000011694
-1.6929910183 0.0000012340
-1.8526043892 0.0000008153
-1.8573791981 0.0000003115
-1.6956961155 0.0000015872
-1.7013127804 0.0000006128
-1.8426349163 0.0000001625
-1.8561530113 0.0000008740
-1.7059239149 0.0000060300
-1.8406999111 0.0000001981
-1.8347008228 0.0000002879
-1.8329194784 0.0000035600
-1.8180696964 0.0000028778
-1.8128277063 0.0000017834
-1.8062664270 0.0000007904
-1.8008073568 0.0000008266
-1.7989859581 0.0000003847
-1.8302955627 0.0000002213
-1.7210257053 0.0000103076
-1.7268218994 0.0000005631
-1.7706793547 0.0000070852
-1.7318098545 0.0000005203
-1.7412614822 0.0000055906
-1.7890679836 0.0000037558
-1.8228095770 0.0000000355
-1.7667944431 0.0000037931
-1.7850946188 0.0000026215
-1.7369626760 0.0000014652
-1.7519092560 0.0000096286
-1.7868201733 0.0000028297
-1.7763258219 0.0000001979
-1.7489633560 0.0000054873
-1.7570452690 0.0000032722
1.6716463566 0.0000011257
1.6846504211 0.0000013691
1.7021932602 0.0000032467
1.6937150955 0.0000038449
-1.7144595385 0.0000002374
1.6914448738 0.0000056125
1.5808156729 0.0000073189
1.5974290371 0.0000045820
1.6016180515 0.0000082333
1.6118966341 0.0000040941
1.6179280281 0.0000031686
-1.5531876087 0.0000116751
-1.5585161448 0.0000059914
1.6687574387 0.0000018022
1.6615971327 0.0000012671
1.6454315186 0.0000013986
-1.5679392815 0.0000052653
1.6325147152 0.0000024236
-1.5794982910 0.0000016753
1.6528843641 0.0000003729
1.6243709326 0.0000017676
-1.6687388420 0.0000008262
-1.6576048136 0.0000003037
-1.5949795246 0.0000010208
-1.6014790535 0.0000035108
-1.6077896357 0.0000090822
-1.6138694286 0.0000017818
-1.6498163939 0.0000011242
-1.6433684826 0.0000014768
1.6371581554 0.0000043250
-1.6333949566 0.0000005395
-1.6276477575 0.0000018946
-1.6391650438 0.0000045307
-1.6189154387 0.0000098447
1.4652572870 0.0000062832
1.4740190506 0.0000042496
1.4785811901 0.0000030393
1.5044432878 0.0000168572
1.4914511442 0.0000034921
1.5108401775 0.0000049520
1.5200481415 0.0000038880
1.5255931616 0.0000048464
1.5486581326 0.0000043831
1.5334872007 0.0000015649
1.5595149994 0.0000048428
1.5865733624 0.0000022333
1.5666307211 0.0000020551
1.5720537901 0.0000026597
-1.4436068535 0.0000062933
-1.4493838549 0.0000098633
-1.4548362494 0.0000084515
-1.4704983234 0.0000119624
-1.4845244884 0.0000089633
-1.4771966934 0.0000049467
-1.4904925823 0.0000087945
-1.4987106323 0.0000021962
-1.6649936438 0.0000032661
-1.5384694338 0.0000026985
-1.5475229025 0.0000010936
-1.5128140450 0.0000097497
-1.5327441692 0.0000038844
-1.5256193876 0.0000032606
-1.5711464882 0.0000004664
-1.5175489187 0.0000047427
1.5430605412 0.0000011419
-1.5883408785 0.0000003373
1.3461952209 0.0000092792
1.3503874540 0.0000097064
1.3622827530 0.0000052222
1.3685662746 0.0000088081
1.3772617579 0.0000033486
1.4510685205 0.0000054861
1.4403432608 0.0000040249
1.4325449467 0.0000138376
-1.3525927067 0.0000043331
1.4256136417 0.0000122674
1.3882818222 0.0000101089
1.3935114145 0.0000076211
1.4175726175 0.0000140063
-1.3618040085 0.0000021781
1.4031442404 0.0000093207
-1.3687360287 0.0000051524
-1.3742594719 0.0000042870
-1.3886432648 0.0000019292
-1.3982784748 0.0000041496
-1.4072089195 0.0000058856
1.4117299318 0.0000074150
1.4964081049 0.0000082760
-1.4212614298 0.0000094654
-1.4128401279 0.0000076220
-1.4279273748 0.0000012864
-1.4350838661 0.0000164204
-1.3816696405 0.0000094237
1.4576092958 0.0000045389
-1.5070979595 0.0000021478
-1.4638260603 0.0000057234
1.2895028591 0.0000039480
1.3210997581 0.0000136052
1.3364030123 0.0000085020
1.3275549412 0.0000060663
-1.3062158823 0.0000072141
-1.3155256510 0.0000156909
-1.3451082706 0.0000042688
-1.3305855989 0.0000085079
-1.3226723671 0.0000055701
1.2978858948 0.0000175231
1.3045008183 0.0000094021
-1.2999016047 0.0000025756
-1.3367689848 0.0000063249
-1.1807371378 0.0000158467
-1.1712290049 0.0000036173
-1.2835142612 0.0000129383
-1.2762718201 0.0000112362
-1.2612477541 0.0000064504
-1.1560623646 0.0000242230
-1.1893674135 0.0000158641
-1.1627314091 0.0000071300
-1.2283099890 0.0000212601
-1.2194108963 0.0000055807
-1.1967012882 0.0000123828
-1.2912844419 0.0000039387
-1.2689509392 0.0000130624
-1.2123031616 0.0000119420
-1.2457058430 0.0000083988
1.0202922821 0.0000206622
1.3118305206 0.0000145921
1.2783107758 0.0000093031
1.0301386118 0.0000179247
1.0379215479 0.0000168715
1.2459748983 0.0000068827
1.2536109686 0.0000071826
1.2617398500 0.0000047194
1.2727473974 0.0000085730
1.2353039980 0.0000104744
1.0559449196 0.0000088769
1.0909264088 0.0000179789
1.0999559164 0.0000182347
1.1082992554 0.0000107685
1.0819907188 0.0000204035
1.2213031054 0.0000267390
1.1957501173 0.0000102049
1.1181367636 0.0000094284
1.1859805584 0.0000094862
1.2058843374 0.0000106921
1.0752334595 0.0000181372
1.1446311474 0.0000062774
1.2116371393 0.0000121187
1.1596422195 0.0000163212
1.1789247990 0.0000128358
1.1261075735 0.0000155491
1.1718115807 0.0000127727
1.1533715725 0.0000230127
1.1347955465 0.0000076329
0.9399322271 0.0000270141
0.9481941462 0.0000211510
0.9582997561 0.0000211361
1.2290285826 0.0000137718
0.9672972560 0.0000268966
1.0115569830 0.0000079611
1.0026246309 0.0000095462
0.9767555594 0.0000154173
1.0468968153 0.0000065964
1.0636148453 0.0000153282
-0.8620052338 0.0000304360
0.9931417704 0.0000287212
-1.2519167662 0.0000027944
0.9847405553 0.0000195507
-1.2369871140 0.0000070249
-1.2053648233 0.0000095032
-1.1490975618 0.0000138962
-1.1398282051 0.0000130008
-0.9312892556 0.0000278571
-1.1328716278 0.0000043857
-1.1229635477 0.0000150919
-0.9380881190 0.0000378216
-1.0839275122 0.0000172105
-1.0900503397 0.0000132375
-1.0327011347 0.0000126100
-1.0151327848 0.0000137212
-1.0232540369 0.0000130157
-1.0406507254 0.0000100415
-0.9463267326 0.0000181187
-1.0753400326 0.0000138165
-1.1074024439 0.0000096094
-1.0065450668 0.0000205997
-1.0668673515 0.0000092157
-1.0988984108 0.0000074547
-0.9555621147 0.0000189746
-0.9981433749 0.0000139047
-1.0497374535 0.0000193146
-0.9904279709 0.0000110690
-0.9819171429 0.0000288495
-0.9735829234 0.0000082299
-0.9631229043 0.0000143625
-1.1151347160 0.0000120786
-1.0572229624 0.0000104649
0.9310665131 0.0000218259
0.8048130274 0.0000236471
0.8136963844 0.0000191806
0.8233368397 0.0000307681
0.8314352036 0.0000338524
-0.8262062669 0.0000377719
-0.8696242571 0.0000218517
0.8673365712 0.0000120955
0.8792549372 0.0000338336
-0.8780447245 0.0000186280
-0.8865821958 0.0000265140
0.8860519528 0.0000368079
0.8577328920 0.0000310972
-0.9222343564 0.0000176926
0.9216418862 0.0000209532
0.7400715351 0.0000410498
0.7500099540 0.0000294089
0.7596939802 0.0000457175
0.7947294712 0.0000318566
0.7763313055 0.0000258766
0.7665340304 0.0000406523
0.8407371640 0.0000302442
-0.7369928360 0.0000311066
-0.7453904748 0.0000407055
-0.7550118566 0.0000535326
-0.7636464238 0.0000307679
-0.7726607919 0.0000493135
0.9142146111 0.0000253875
-0.7912108898 0.0000308951
-0.8175084591 0.0000190750
-0.8344278336 0.0000198931
-0.8088506460 0.0000248127
-0.7993400693 0.0000312172
-0.8432331085 0.0000191381
-0.9042322040 0.0000241760
0.8957481384 0.0000249415
0.8500103354 0.0000295672
0.9045954943 0.0000244166
-0.9124727249 0.0000252945
-0.8544356823 0.0000283492
-0.8952728510 0.0000395342
-0.7276549935 0.0000505952
-0.7109519839 0.0000463519
-0.7009676099 0.0000471576
-0.6926862001 0.0000576860
-0.7815513611 0.0000369302
0.7862050533 0.0000486691
0.7310783267 0.0000317248
0.7217103839 0.0000266847
0.7132370472 0.0000346106
0.7028052211 0.0000392729
0.6939116716 0.0000611212
-0.1007287353 0.0026857485
-0.0913644135 0.0026816425
-0.0818314254 0.0033583115
-0.0725285709 0.0039128698
0.1012625545 0.0024887230
0.1106886193 0.0022484078
0.6852939725 0.0000383320
0.5641859770 0.0000870835
0.0918818787 0.0025865268
-0.0631729215 0.0044749272
0.5729051828 0.0000759667
-0.1099319011 0.0022634608
0.1201247945 0.0018368849
0.0823665112 0.0030968005
0.6563998461 0.0000604484
0.6657773256 0.0000452622
0.1295374632 0.0016938492
0.0000073217 0.7408075929
-0.0538358018 0.0055550570
0.0731098577 0.0038603577
0.6103649139 0.0000597004
0.6193965673 0.0000833669
0.6474069953 0.0000685272
0.6292200089 0.0000611394
0.6385455728 0.0000658584
-0.7192194462 0.0000594505
0.6753488779 0.0000547156
0.5546004176 0.0000741377
0.5830208063 0.0000840170
0.6011754274 0.0000692530
0.5451459885 0.0001087349
0.4697806835 0.0001415873
0.4040901363 0.0001812100
0.4132465124 0.0001852923
0.4222638011 0.0001614936
0.4326162636 0.0001338435
-0.6829475164 0.0000619184
-0.6572819948 0.0000613907
-0.6666911840 0.0000673135
0.4888222218 0.0001396460
0.4986942708 0.0001358526
-0.6478760839 0.0000854311
-0.6296959519 0.0000582462
-0.6204377413 0.0000669719
-0.5473771095 0.0001149088
-0.5389126539 0.0000857439
-0.5567952394 0.0000746893
-0.5662487149 0.0000831332
0.1391234398 0.0014071901
-0.6394041181 0.0000521605
-0.5757390261 0.0000766956
-0.4183184206 0.0001655582
-0.4274560213 0.0001193722
-0.4093962610 0.0001797328
-0.3997701108 0.0002014497
-0.6019816995 0.0000843850
-0.3910491467 0.0002412221
-0.3815587461 0.0002207454
-0.1194655746 0.0019022119
-0.1287611574 0.0017050235
-0.6748540401 0.0000472387
0.0636493340 0.0045488775
-0.0444134437 0.0068211188
-0.5843413472 0.0000792380
0.0448450968 0.0067658932
-0.0073622703 0.0351498090
-0.0165518895 0.0182310417
0.0077444827 0.0333583839
0.0262059160 0.0116320308
0.0354977362 0.0085871350
0.5913071632 0.0000786530
0.5077067614 0.0001270599
0.3949189186 0.0002022166
0.5351316929 0.0000903838
0.5258657336 0.0000954299
0.4793686271 0.0001256380
0.4415214658 0.0001755956
-0.6116932034 0.0000669852
0.4596707821 0.0001177007
0.1483470649 0.0013480474
-0.5290703177 0.0000772258
-0.1569740623 0.0011493982
-0.1477052271 0.0013179515
-0.5016535521 0.0000805970
-0.4918611348 0.0001126734
-0.1380961984 0.0013337464
-0.4372736514 0.0001627633
-0.4826661646 0.0001534149
-0.4651991427 0.0001550437
-0.4465299249 0.0001490008
0.4510554075 0.0001503635
-0.5940082669 0.0000991499
-0.5115454197 0.0000812856
0.0542928241 0.0056649400
-0.4557355344 0.0001906179
0.0169444345 0.0177472234
-0.0351882316 0.0087213097
-0.0258623660 0.0119625973
0.5167587996 0.0000979553
-0.5206639171 0.0001123954
-0.4742413759 0.0001400187
0.3848017156 0.0001865371
0.3756476939 0.0002390260
-0.3722327650 0.0002257105
0.3664242029 0.0002401983
-0.3257924914 0.0003178476
-0.1946994215 0.0007943726
-0.2040143460 0.0007439108
-0.1665461510 0.0011500063
0.2522205710 0.0005192381
0.1862206161 0.0008697082
0.1766035259 0.0009811766
0.1578147709 0.0012331726
-0.3166047633 0.0003528171
-0.2887393534 0.0003875874
-0.2605254054 0.0004465041
-0.2506001294 0.0005413141
0.3188522756 0.0002857399
0.1957842410 0.0007673563
0.2804459929 0.0004210285
0.2717292011 0.0005296218
0.2623518407 0.0004880936
0.3092062473 0.0003419970
-0.3628286719 0.0002213117
-0.3536546528 0.0002645128
-0.2788254619 0.0004371146
-0.3069673777 0.0003284567
-0.1854609251 0.0009111117
0.3279210031 0.0003368894
0.2431781888 0.0005752064
0.1674916297 0.0010695101
0.3567740023 0.0002642433
0.2242821902 0.0007223282
0.2336988896 0.0005971428
0.2997345030 0.0003550818
-0.2974672914 0.0003777695
-0.2697269022 0.0005162062
0.3474516273 0.0002776976
-0.3444094360 0.0002713748
-0.3349923790 0.0002952589
-0.1757048368 0.0009569444
-0.2414749861 0.0005890619
-0.2324202657 0.0005782955
-0.2132810652 0.0006605611
0.3379905224 0.0002440603
0.2904881537 0.0003961388
0.2054322511 0.0007457398
0.2148104161 0.0006657431
-0.2229829133 0.0006560820
