257.9040527344 0.0000028819
198.4125061035 0.0000000648
153.9582214355 0.0000002287
118.3067398071 0.0000006564
82.6512069702 0.0000104002
73.1407470703 0.0000049315
55.9397277832 0.0000004818
50.2266159058 0.0000000413
47.6577796936 0.0000000857
41.9081649780 0.0000090983
37.5595741272 0.0000031487
31.8569889069 0.0000015628
27.3085994720 0.0000263123
21.1815624237 0.0000000688
19.5243186951 0.0000013521
18.0391597748 0.0000018071
16.0891895294 0.0000006854
12.6409378052 0.0000000000
11.6486492157 0.0000000548
10.0904874802 0.0000014175
9.7228097916 0.0000016338
9.4153308868 0.0000046105
8.8111486435 0.0000006225
7.2087421417 0.0000003658
6.4787325859 0.0000000284
6.1674661636 0.0000000405
5.8540873528 0.0000006817
5.5389595032 0.0000024962
5.2139697075 0.0000000093
4.6299791336 0.0000002554
4.2086677551 0.0000003703
4.1132555008 0.0000020737
3.8198568821 0.0000009648
3.4422230721 0.0000006920
3.0081424713 0.0000006615
2.9410197735 0.0000035985
2.8158366680 0.0000029419
2.8021130562 0.0000000406
2.6193733215 0.0000050215
2.5618314743 0.0000080974
2.3801960945 0.0000000155
-2.0084571838 0.0000000128
2.2421963215 0.0000000699
2.1640648842 0.0000007171
2.1146736145 0.0000001880
1.9841254950 0.0000007000
-1.8281769753 0.0000020431
-1.7646694183 0.0000259154
1.8677439690 0.0000001674
-1.7183511257 0.0000000035
1.8099801540 0.0000003332
-1.5933432579 0.0000011655
1.7445173264 0.0000037489
1.7275704145 0.0000004477
1.7145488262 0.0000000104
1.6704410315 0.0000146503
-1.5351488590 0.0000048347
1.6106361151 0.0000003896
-1.4693491459 0.0000007970
1.5421346426 0.0000045659
1.5074561834 0.0000000033
-1.4054217339 0.0000057668
1.4473599195 0.0000013432
-1.3699223995 0.0000001924
-1.3261607885 0.0000003563
1.4100887775 0.0000000214
-1.3067762852 0.0000033031
1.3805438280 0.0000011024
1.3667825460 0.0000023739
-1.2767114639 0.0000000024
1.3269281387 0.0000067090
1.3277757168 0.0000031303
-1.2547767162 0.0000000752
-1.2207415104 0.0000063549
-1.2082067728 0.0000028537
1.2718974352 0.0000022879
1.2563685179 0.0000002889
1.2309669256 0.0000006223
1.2083797455 0.0000063883
-1.1855957508 0.0000000007
-1.1682142019 0.0000037102
-1.1518412828 0.0000009104
-1.1357966661 0.0000000484
-1.1085797548 0.0000083695
-1.1019737720 0.0000018327
1.1887431145 0.0000007057
1.1846151352 0.0000002281
1.1503305435 0.0000003720
1.1372147799 0.0000011076
1.1196660995 0.0000009493
-1.0628759861 0.0000010005
-1.0520282984 0.0000000026
-1.0386573076 0.0000000109
1.1027334929 0.0000003915
1.0781154633 0.0000006688
1.0679689646 0.0000044293
1.0421333313 0.0000000489
1.0350097418 0.0000005074
-1.0202833414 0.0000011565
-1.0042647123 0.0000044546
-0.9938737154 0.0000038451
1.0212566853 0.0000000003
1.0033614635 0.0000031282
-0.9804472923 0.0000016049
-0.9754109979 0.0000010387
0.9831154346 0.0000004577
-0.9565234780 0.0000000784
-0.9350442886 0.0000023962
-0.9220756888 0.0000123649
-0.9099121094 0.0000008337
0.9594278932 0.0000003684
0.9512306452 0.0000002797
0.9330579042 0.0000000340
0.9245563745 0.0000038704
-0.8932305574 0.0000002483
-0.8827536702 0.0000028641
-0.8675498962 0.0000005621
-0.8609511256 0.0000014804
0.9123848677 0.0000000402
0.8961808681 0.0000106299
0.8849749565 0.0000000390
0.8707376719 0.0000044502
-0.8476894498 0.0000000833
-0.8410673738 0.0000000263
0.8608921766 0.0000013407
0.8563331962 0.0000009048
0.8515908122 0.0000008865
-0.8298644423 0.0000002616
-0.8195531964 0.0000044222
0.8417807817 0.0000108358
0.8277902603 0.0000004698
0.8187823892 0.0000038880
0.8146973848 0.0000004944
-0.8037875891 0.0000001503
-0.7938135266 0.0000000963
-0.7876032591 0.0000006902
-0.7793554664 0.0000029562
-0.7736060619 0.0000007070
0.8044755459 0.0000007290
0.7849010229 0.0000085425
0.7837545872 0.0000002693
-0.7683454752 0.0000000021
-0.7487847209 0.0000013655
0.7732183337 0.0000006588
0.7700189948 0.0000002188
0.7673911452 0.0000001616
0.7472847104 0.0000000308
0.7395995259 0.0000001745
-0.7410226464 0.0000000004
-0.7295015454 0.0000011441
-0.7217039466 0.0000031458
0.7299857736 0.0000008446
0.7246723771 0.0000000122
-0.7159979939 0.0000016238
-0.7103807926 0.0000000705
0.7045172453 0.0000001035
0.6910307407 0.0000000198
0.6857064366 0.0000053266
-0.6932248473 0.0000062938
-0.6845101118 0.0000011503
-0.6782243848 0.0000073893
-0.6701994538 0.0000053805
-0.6615537405 0.0000008612
0.6784514189 0.0000048532
0.6736364961 0.0000000566
0.6662239432 0.0000041936
0.6669885516 0.0000008802
-0.6505033374 0.0000014143
-0.6477547288 0.0000029272
-0.6422558427 0.0000033977
0.6614480019 0.0000030213
0.6533740163 0.0000000601
0.6425917745 0.0000005749
-0.6300443411 0.0000210369
-0.6259732246 0.0000090643
-0.6205632687 0.0000012412
-0.6107779145 0.0000000202
0.6342350245 0.0000011075
0.6286303997 0.0000078647
0.6263284087 0.0000004682
0.6182070374 0.0000000239
0.6115711927 0.0000000944
0.6062278152 0.0000040089
-0.6041606665 0.0000006308
-0.5962478518 0.0000005554
-0.5944987535 0.0000039688
-0.5886688828 0.0000012044
0.5981200933 0.0000005272
0.5927773714 0.0000013118
0.5886938572 0.0000067093
0.5850282311 0.0000005757
0.5777371526 0.0000007039
0.5735465884 0.0000018340
-0.5826754570 0.0000001616
-0.5696570873 0.0000001621
-0.5704611540 0.0000004023
-0.5780777335 0.0000010190
-0.5750428438 0.0000012236
0.5691208243 0.0000040552
-0.5552099943 0.0000054334
0.5660469532 0.0000033130
0.5599381328 0.0000003698
0.5560395718 0.0000006202
-0.5484250784 0.0000045269
-0.5500271916 0.0000000810
-0.5429387689 0.0000017471
0.5480316281 0.0000041755
0.5495063066 0.0000010821
-0.5368070602 0.0000008977
0.5437786579 0.0000008684
0.5399487019 0.0000010850
-0.5321754217 0.0000000787
0.5362562537 0.0000039115
-0.5278839469 0.0000015666
-0.5267481208 0.0000020008
0.5309532881 0.0000019911
0.5292408466 0.0000021561
-0.5207228065 0.0000006882
-0.5173840523 0.0000054177
0.5214437246 0.0000048683
0.5253314376 0.0000010850
-0.5127033591 0.0000063345
0.5152708888 0.0000005699
0.5127891898 0.0000001037
0.5090265274 0.0000011333
-0.5109036565 0.0000000244
-0.4940498173 0.0000073611
-0.5040454268 0.0000054904
-0.4982537627 0.0000008017
-0.5011723042 0.0000000040
0.5060299039 0.0000009412
0.5014260411 0.0000002762
0.4980485141 0.0000047470
-0.4868922830 0.0000026208
-0.4874383807 0.0000005315
0.4883755147 0.0000024158
0.4941429198 0.0000025002
0.4926076233 0.0000005330
-0.4819206893 0.0000006939
-0.4774321616 0.0000027869
-0.4760932326 0.0000003744
-0.4724538028 0.0000047811
-0.4733271599 0.0000050857
0.4852449596 0.0000000026
0.4793964922 0.0000024195
-0.4670944810 0.0000033114
0.4773516357 0.0000005486
-0.4656682909 0.0000043988
0.4738039672 0.0000000224
-0.4564248323 0.0000020436
0.4672246873 0.0000202206
0.4673655927 0.0000019340
0.4615406394 0.0000097208
-0.4548854530 0.0000006138
-0.4513978660 0.0000080827
-0.4498497844 0.0000016865
-0.4435033202 0.0000015808
-0.4401480854 0.0000014036
0.4587778449 0.0000027046
0.4513336122 0.0000043299
0.4549599290 0.0000001154
0.4544211328 0.0000055559
0.4490287006 0.0000002248
-0.4364399016 0.0000021925
0.4477203786 0.0000002016
-0.4342514873 0.0000000063
0.4390085042 0.0000036524
0.4363887906 0.0000029751
-0.4298080504 0.0000000238
-0.4248362184 0.0000050341
-0.4240657687 0.0000028254
-0.4225644767 0.0000044065
0.4295653403 0.0000217214
0.4321907759 0.0000000008
-0.4191226363 0.0000006018
-0.4189054370 0.0000029717
-0.4114585817 0.0000012829
-0.4164669216 0.0000000091
0.4204103947 0.0000013941
0.4267170131 0.0000039459
0.4240847826 0.0000021159
0.4252098501 0.0000000003
0.4194676280 0.0000001294
-0.4076207578 0.0000002587
-0.4050974548 0.0000021335
0.4161955714 0.0000012712
-0.4000563622 0.0000051441
-0.4017532468 0.0000004885
-0.4011538625 0.0000029775
0.4127642214 0.0000077057
0.4117420614 0.0000003646
0.4087274671 0.0000115949
0.4105983078 0.0000000677
0.4057282209 0.0000072485
-0.3967850506 0.0000052235
-0.3883937299 0.0000023685
-0.3899088502 0.0000163997
-0.3937962055 0.0000087103
0.4018930495 0.0000147102
0.3999074697 0.0000016230
-0.3846210539 0.0000009083
0.3967421353 0.0000006730
-0.3808782399 0.0000023899
-0.3753666878 0.0000012125
-0.3757964075 0.0000002544
0.3870293200 0.0000010827
0.3914783895 0.0000009394
0.3940109909 0.0000000540
0.3934094310 0.0000000025
-0.3787098527 0.0000000036
0.3830954432 0.0000012506
0.3810723126 0.0000082468
0.3807743192 0.0000003757
-0.3732347190 0.0000000096
-0.3701613843 0.0000001302
-0.3674997091 0.0000016391
-0.3665680289 0.0000031146
-0.3623295426 0.0000008949
-0.3597042561 0.0000001544
-0.3580867052 0.0000056740
-0.3571879566 0.0000043108
-0.3561024666 0.0000074573
-0.3529925644 0.0000009721
-0.3507568240 0.0000002266
0.3790675402 0.0000000456
0.3756712377 0.0000051714
-0.3491325378 0.0000048923
-0.3521033823 0.0000000049
-0.3468155861 0.0000010436
-0.3425019085 0.0000083332
-0.3443503678 0.0000045602
-0.3438377678 0.0000109903
-0.3436627090 0.0000004162
0.3737879992 0.0000023023
0.3704946041 0.0000020632
0.3683776855 0.0000003711
-0.3366313279 0.0000001338
-0.3390675783 0.0000000153
-0.3380889893 0.0000000091
0.3673280478 0.0000002014
-0.3328932524 0.0000018591
-0.3309826553 0.0000038510
-0.3318261504 0.0000002252
0.3633454144 0.0000003617
0.3629173636 0.0000012400
0.3622604907 0.0000025753
-0.3288071752 0.0000030523
0.3595542610 0.0000001682
-0.3278785348 0.0000012377
0.3591991961 0.0000000003
0.3571220934 0.0000052636
-0.3139487803 0.0000000573
-0.3181626201 0.0000068882
-0.3254228830 0.0000003933
-0.3246462345 0.0000001831
0.3554266691 0.0000015300
0.3539645374 0.0000000386
0.3522400856 0.0000042392
-0.3204252720 0.0000006441
-0.3211265206 0.0000006950
-0.3224188685 0.0000004296
-0.3229395449 0.0000000111
0.3498480916 0.0000026047
0.3517516553 0.0000020760
0.3502809405 0.0000010332
0.3476261199 0.0000046681
0.3461623192 0.0000009680
0.3420470953 0.0000019465
0.3440299630 0.0000002274
0.3436356783 0.0000004335
0.3402009308 0.0000004307
0.3378659189 0.0000007864
0.3151777387 0.0000082075
0.3360528052 0.0000008034
0.3356366456 0.0000023289
0.3319571614 0.0000019377
0.3339980245 0.0000001786
0.3344765007 0.0000005466
0.3183798194 0.0000018023
0.3201122582 0.0000007924
0.3286348283 0.0000063159
0.3279614449 0.0000022047
0.3298590779 0.0000000150
0.3219776750 0.0000001713
0.3231642544 0.0000000918
0.3245395422 0.0000006984
0.3308703899 0.0000000043
0.3166410923 0.0000000451
0.3253839612 0.0000000034
-0.3143415153 0.0000000102
-0.3125073910 0.0000003436
-0.3120673001 0.0000003393
-0.3076721132 0.0000010698
-0.3103826642 0.0000013940
-0.3100165427 0.0000029546
-0.3098452985 0.0000055571
-0.3086041510 0.0000000320
-0.3035604358 0.0000012879
-0.3048577309 0.0000058107
-0.3051522374 0.0000001793
-0.3023014665 0.0000011252
-0.3013763428 0.0000030535
0.3147469759 0.0000001799
0.3134042919 0.0000033047
-0.3011102080 0.0000000771
0.3122432828 0.0000039590
-0.2994280457 0.0000003916
-0.2983728945 0.0000037930
-0.2961506844 0.0000038337
-0.2967307866 0.0000000355
-0.2944290042 0.0000050372
0.3120201528 0.0000000001
0.3100174963 0.0000002972
0.3101350963 0.0000015829
0.3084919453 0.0000034549
-0.2929755449 0.0000007763
-0.2947324812 0.0000000696
-0.2907161415 0.0000150314
0.3074088395 0.0000013802
0.3060053289 0.0000006915
0.3052397370 0.0000029730
-0.2882840931 0.0000041559
0.3038282692 0.0000050568
0.3030794859 0.0000004860
-0.2804750800 0.0000007798
-0.2808374465 0.0000050728
-0.2897092998 0.0000000003
-0.2873783708 0.0000000279
-0.2822427154 0.0000004532
-0.2828932405 0.0000018821
-0.2833809555 0.0000096649
0.3015000522 0.0000003818
0.3008744717 0.0000014336
0.2832477093 0.0000061734
0.2835632861 0.0000041926
0.3006042540 0.0000030529
0.2994217575 0.0000001342
0.2965495884 0.0000048757
0.2958499491 0.0000014136
0.2919469476 0.0000017030
0.2862267792 0.0000020216
0.2898003161 0.0000004301
-0.2845380306 0.0000000006
-0.2856824398 0.0000000000
0.2856116295 0.0000012854
0.2908707857 0.0000029643
0.2935979962 0.0000007612
0.2874135077 0.0000001107
0.2944768369 0.0000014913
0.2947066724 0.0000005693
0.2882867157 0.0000000193
-0.2792866230 0.0000011301
-0.2769359052 0.0000040345
-0.2775449753 0.0000000180
-0.2749181986 0.0000081805
-0.2746755183 0.0000073815
-0.2727648914 0.0000008520
-0.2736643553 0.0000000004
-0.2714890838 0.0000027987
-0.2695209980 0.0000052000
-0.2704680860 0.0000014206
-0.2703297436 0.0000003932
-0.2598997951 0.0000043709
-0.2679107487 0.0000002326
-0.2670475543 0.0000042460
0.2824868560 0.0000024491
0.2818034291 0.0000003587
0.2800511718 0.0000024568
-0.2608047426 0.0000002182
0.2790132463 0.0000041403
0.2780151367 0.0000024777
-0.2619711459 0.0000006221
-0.2624658644 0.0000002502
-0.2661725879 0.0000000000
0.2763907909 0.0000024757
-0.2644685805 0.0000030021
0.2761565149 0.0000000256
0.2755821943 0.0000000930
0.2742858529 0.0000040922
0.2745877206 0.0000001744
-0.2630679607 0.0000000154
-0.2639695704 0.0000002185
-0.2638635039 0.0000009911
0.2612220645 0.0000081234
0.2720251083 0.0000018782
0.2733633518 0.0000003583
0.2712187171 0.0000030390
0.2623135149 0.0000045412
0.2628190517 0.0000063314
0.2679851055 0.0000022309
0.2658537328 0.0000006492
0.2652877569 0.0000012863
0.2634972930 0.0000005976
0.2695888281 0.0000003458
0.2673929930 0.0000022625
0.2687745690 0.0000040655
0.2641495764 0.0000003495
0.2643744051 0.0000002062
0.2691669166 0.0000023967
0.2690375447 0.0000000138
-0.2589818537 0.0000001237
-0.2580932677 0.0000065891
-0.2571679354 0.0000000006
-0.2564291358 0.0000020389
-0.2557040453 0.0000062274
-0.2554032803 0.0000046209
-0.2545893788 0.0000141720
-0.2548708022 0.0000036562
-0.2441501468 0.0000016500
-0.2451390475 0.0000105961
-0.2533506155 0.0000141135
-0.2445194423 0.0000010267
-0.2538183331 0.0000000153
-0.2528093457 0.0000022120
-0.2521082461 0.0000041197
-0.2472043186 0.0000006609
-0.2497612238 0.0000009118
-0.2514602542 0.0000016344
-0.2487335950 0.0000000323
-0.2476613522 0.0000005792
0.2604822814 0.0000062311
-0.2512013316 0.0000101321
-0.2509195209 0.0000008785
-0.2480088472 0.0000002213
0.2593110800 0.0000063957
0.2585459054 0.0000122365
0.2587296963 0.0000005520
0.2580532134 0.0000000852
0.2570404410 0.0000177236
0.2449955046 0.0000006672
0.2472473532 0.0000040927
0.2458052933 0.0000010936
0.2567456663 0.0000001101
0.2561152875 0.0000005637
0.2555927038 0.0000001399
0.2506296337 0.0000004218
0.2515025139 0.0000072284
0.2534906566 0.0000193172
0.2537584305 0.0000055773
0.2545409799 0.0000005038
0.2524869740 0.0000043777
0.2520890832 0.0000062727
0.2484315187 0.0000001751
0.2455041856 0.0000022854
0.2493848056 0.0000007466
0.2496103644 0.0000000259
-0.2433651090 0.0000035022
-0.2439934462 0.0000000627
0.2444098294 0.0000007792
0.2440745682 0.0000006571
0.2432327420 0.0000004695
0.2429566830 0.0000089963
0.2417691052 0.0000068748
0.2427928895 0.0000001518
-0.2427547425 0.0000006043
-0.2424215376 0.0000029894
0.2283439934 0.0000103336
0.2294398248 0.0000045566
-0.2413706928 0.0000007595
-0.2410960197 0.0000012911
0.2314806879 0.0000065037
0.2405861765 0.0000014365
-0.2400853634 0.0000006456
0.2402745038 0.0000003476
-0.2257250100 0.0000044751
0.2321797907 0.0000130256
0.2397011817 0.0000045637
0.2391060442 0.0000054000
-0.2262206227 0.0000056114
0.2326804101 0.0000111561
0.2385899872 0.0000032783
-0.2394352853 0.0000070853
-0.2270871550 0.0000006294
-0.2383778989 0.0000006047
-0.2277352363 0.0000012115
0.2378788143 0.0000042930
0.2346232384 0.0000051913
0.2332891822 0.0000092333
-0.2292194217 0.0000040574
0.2356100976 0.0000034176
-0.2305004895 0.0000013144
-0.2288896739 0.0000058922
0.2364484370 0.0000019384
-0.2373903096 0.0000002487
0.2340891957 0.0000032845
-0.2321327627 0.0000007093
-0.2363181710 0.0000000860
-0.2350899875 0.0000035301
0.2365792394 0.0000008956
-0.2367040366 0.0000000812
-0.2315539569 0.0000001265
-0.2342618108 0.0000027045
-0.2344780415 0.0000012263
-0.2330090404 0.0000007993
-0.2332600057 0.0000012745
-0.2358620912 0.0000003451
0.2059498429 0.0000044302
0.2104544342 0.0000142376
0.2113439441 0.0000111929
0.2121575922 0.0000130786
0.2306003422 0.0000014532
0.2130566090 0.0000015784
0.2140833586 0.0000058175
0.2288131565 0.0000010831
0.2270406336 0.0000015385
0.2152137309 0.0000043886
0.2265194803 0.0000012169
-0.2079050839 0.0000015860
-0.2088287175 0.0000108479
0.2158154845 0.0000013101
0.2253141105 0.0000017850
0.2184372544 0.0000068051
0.2171450704 0.0000133200
-0.2093913704 0.0000033403
-0.2390125096 0.0000000033
-0.2377883345 0.0000000059
0.2247929275 0.0000025053
0.2174123228 0.0000086298
0.2197746187 0.0000082013
0.2238955945 0.0000061624
0.2204671502 0.0000018667
0.2211464643 0.0000004044
-0.2103714943 0.0000012503
-0.2111673504 0.0000031186
0.2227570266 0.0000040825
-0.2123070806 0.0000049414
-0.2297481596 0.0000027057
-0.2149444818 0.0000108020
-0.2138051987 0.0000149486
-0.2155849338 0.0000137723
-0.2174475640 0.0000073798
-0.2169644535 0.0000090461
-0.2225278616 0.0000134485
-0.2231162190 0.0000045858
-0.2241968215 0.0000056549
-0.2190846801 0.0000067162
-0.2247242332 0.0000012217
-0.2213548422 0.0000075328
-0.2197054625 0.0000019940
-0.2133802772 0.0000032140
-0.2162917554 0.0000023186
-0.2205504179 0.0000009185
-0.2217814177 0.0000069237
0.2231668532 0.0000053289
0.2067058831 0.0000064012
0.2078914493 0.0000170863
0.2096548527 0.0000153454
0.2089877576 0.0000089107
-0.2033070624 0.0000021741
-0.2039763480 0.0000080131
-0.2050610930 0.0000038365
-0.2070196718 0.0000151351
-0.2061989307 0.0000014435
0.1979587227 0.0000005606
0.1988572627 0.0000013108
0.2000363767 0.0000033477
0.2011457235 0.0000096408
0.2018385679 0.0000033670
0.2038757503 0.0000253684
0.2029740065 0.0000025330
0.2050098628 0.0000022844
-0.1961279809 0.0000019362
-0.1975736022 0.0000050117
-0.1997371316 0.0000059368
-0.1987246126 0.0000017363
-0.2007384002 0.0000119672
-0.2012243867 0.0000128090
-0.1967200041 0.0000055782
-0.2023572326 0.0000035657
0.1949761212 0.0000102349
0.1967473626 0.0000020463
0.1960497051 0.0000049404
0.1940525770 0.0000024529
0.1928814948 0.0000099352
0.1919027865 0.0000214082
-0.1941571534 0.0000118420
-0.1948258132 0.0000041930
-0.1931663156 0.0000012424
0.1880513430 0.0000106734
0.1888971925 0.0000223531
-0.1918893307 0.0000026875
-0.1911774874 0.0000016057
0.1856791824 0.0000140439
0.1869474649 0.0000044197
0.1908556372 0.0000064709
0.1897619516 0.0000044651
-0.1891736537 0.0000045814
-0.1869485080 0.0000015450
-0.1899455488 0.0000102764
-0.1860721707 0.0000032043
-0.1880872548 0.0000073091
0.1835724711 0.0000211671
0.1843277365 0.0000051876
-0.1850998104 0.0000031166
0.1824250817 0.0000166479
-0.1814217865 0.0000141903
-0.1838482916 0.0000056898
-0.1821375638 0.0000217648
-0.1830023676 0.0000041897
-0.1447598785 0.0000216458
-0.1457413733 0.0000177171
0.1813230813 0.0000102700
0.1808015704 0.0000127654
-0.1800063401 0.0000091722
-0.1468346864 0.0000208008
-0.1480647922 0.0000113426
-0.1490572393 0.0000136643
-0.1501486003 0.0000116879
-0.1512713432 0.0000169659
-0.1523980647 0.0000189185
-0.1534050107 0.0000106667
-0.1547145993 0.0000025595
0.1405247301 0.0000174657
-0.1789278239 0.0000065458
-0.1559534520 0.0000153935
0.1414634436 0.0000214547
0.1796823293 0.0000057841
-0.1620705128 0.0000262460
-0.1778368503 0.0000057998
-0.1719239950 0.0000249746
-0.1603752524 0.0000062019
-0.1613847315 0.0000094644
-0.1569520980 0.0000099358
-0.1634588242 0.0000059938
-0.1644580066 0.0000071301
0.1783586890 0.0000089003
-0.1656385660 0.0000336835
-0.1708221138 0.0000072323
-0.1749578416 0.0000038274
-0.1768788546 0.0000097297
-0.1678589731 0.0000140104
0.1761067212 0.0000050697
0.1776213199 0.0000159947
-0.1730851233 0.0000089453
-0.1588625908 0.0000077402
-0.1665016860 0.0000121648
-0.1761867553 0.0000086887
0.1740184873 0.0000260008
-0.1686349660 0.0000135867
0.1751237065 0.0000104138
0.1731686443 0.0000065768
0.1717363745 0.0000239605
0.1439986229 0.0000155275
0.1664271206 0.0000170822
0.1675344557 0.0000168357
0.1654247791 0.0000219428
0.1450891793 0.0000082857
0.1463841945 0.0000081025
0.1475899518 0.0000207755
0.1632979810 0.0000227474
0.1640734673 0.0000283498
0.1621992290 0.0000211050
0.1608089209 0.0000113543
0.1696617156 0.0000051505
0.1483515203 0.0000253193
0.1598428786 0.0000292822
0.1566620171 0.0000255301
0.1574858576 0.0000312298
0.1553890109 0.0000177471
-0.1697429419 0.0000083451
-0.1580640078 0.0000124537
0.1708763093 0.0000155249
0.1498508453 0.0000142152
0.1542654485 0.0000180629
0.1587168425 0.0000164115
0.1532918066 0.0000230867
0.1518315524 0.0000199965
0.1510964781 0.0000244457
-0.1738976985 0.0000165100
0.1686203331 0.0000180927
0.1430921853 0.0000176024
-0.1435463428 0.0000124452
0.1390719116 0.0000143315
-0.1424976438 0.0000205553
-0.1400995255 0.0000182198
-0.1414249539 0.0000140959
-0.1391538978 0.0000156449
-0.1381264776 0.0000102242
0.1379424632 0.0000172315
-0.1365947276 0.0000249190
-0.1356719881 0.0000345407
-0.1345946044 0.0000316901
0.1366207749 0.0000271004
0.1357372999 0.0000119848
0.1345670372 0.0000176778
-0.1332311928 0.0000182937
-0.1167951673 0.0000212665
-0.1194313169 0.0000273421
-0.1205197275 0.0000214603
-0.1215724945 0.0000280251
0.1335020214 0.0000124663
-0.1157143041 0.0000334769
-0.1180393398 0.0000182489
-0.1227538288 0.0000104777
-0.1309335679 0.0000397214
-0.1298935115 0.0000292993
0.1322310567 0.0000253997
0.1215341911 0.0000219716
0.1199970543 0.0000329263
-0.1320536435 0.0000159672
0.1189726666 0.0000304348
0.1226628199 0.0000227056
0.1238632351 0.0000240887
-0.1241040900 0.0000237541
0.1248379946 0.0000384934
-0.1145645604 0.0000288159
-0.1285440326 0.0000166963
0.1298303455 0.0000120249
0.1178194731 0.0000287865
0.1285165101 0.0000182705
0.1168166026 0.0000379403
-0.1253891438 0.0000192877
0.1272305697 0.0000115499
-0.1134137213 0.0000237714
-0.1274600923 0.0000142376
0.1309838295 0.0000285038
0.1141931638 0.0000530755
0.1260636747 0.0000246649
0.1129929572 0.0000150438
0.1118839309 0.0000203269
-0.1262820959 0.0000284864
0.1104365662 0.0000343852
0.1153028607 0.0000300836
-0.1109965742 0.0000403133
-0.1119816974 0.0000489317
-0.1096522361 0.0000234754
0.1093741283 0.0000302219
0.1066594422 0.0000225671
0.0995704010 0.0000337193
-0.0890762210 0.0000512072
-0.0879169106 0.0000395278
-0.0866711885 0.0000462861
-0.0854739696 0.0000477010
-0.0841797292 0.0000416583
0.0871571302 0.0000297380
0.0895531997 0.0000461385
0.0921565443 0.0000420178
-0.0831006318 0.0000342915
-0.0902956873 0.0000330454
-0.0916500166 0.0000308904
0.0856577531 0.0000349621
0.0884978920 0.0000411377
-0.0815966949 0.0000586207
0.0905780718 0.0000338595
0.0844144300 0.0000346251
0.0831425115 0.0000245129
0.0821016431 0.0000568548
-0.0805709437 0.0000450806
-0.0778886601 0.0000523626
-0.0792456195 0.0000307003
0.0806752890 0.0000447263
0.0794982240 0.0000325657
0.0767657831 0.0000881062
0.0780887902 0.0000377238
-0.0540936254 0.0000775028
-0.0526484177 0.0000968110
-0.0516136438 0.0001868568
0.0540570021 0.0001047161
0.0526608080 0.0001094733
0.0514858291 0.0001659164
0.0501500256 0.0001202307
-0.0502089262 0.0001313089
-0.0169658214 0.0020674306
-0.0450384207 0.0002400027
-0.0438973792 0.0002411183
-0.0181967989 0.0017837023
-0.0195117258 0.0015343035
-0.0348795876 0.0003702890
-0.0220711008 0.0010175639
0.0385441817 0.0002392112
-0.0361909345 0.0003108560
-0.0336334482 0.0003902891
-0.0207779873 0.0012617129
0.0360296816 0.0002992507
0.0372920930 0.0002797168
-0.0323640630 0.0004414810
0.0347243622 0.0003304984
-0.0374420099 0.0002995741
-0.0310347900 0.0004498074
0.0180178881 0.0016920350
0.0333788432 0.0003791775
0.0399213582 0.0002196304
0.0411659032 0.0001966129
-0.0297815930 0.0005028931
-0.0387541689 0.0002533972
0.0321278311 0.0004494100
0.0192839596 0.0013935930
0.0423427150 0.0002241782
0.0308823027 0.0004890058
-0.0400361978 0.0002685713
-0.0285391062 0.0005763034
-0.0413174555 0.0002147839
0.0231298674 0.0009979961
-0.0424501784 0.0001825199
0.0270003174 0.0006545063
0.0295372475 0.0005168628
0.0244232304 0.0008772337
0.0218500439 0.0010812922
0.0205867570 0.0013342607
-0.0767313093 0.0000604617
0.0757384673 0.0000595751
-0.0553258024 0.0000946494
0.0552956499 0.0001101838
0.0437456816 0.0001485374
0.0141506502 0.0028035000
0.0166789778 0.0020158247
-0.0233660489 0.0009633382
-0.0156774446 0.0021625499
0.0283209998 0.0005841354
-0.1075089425 0.0000672800
-0.1062448397 0.0000317302
0.1082974374 0.0000336931
0.0933973566 0.0000560824
0.0732514858 0.0000492804
0.0745119303 0.0000708788
-0.0567236841 0.0001355951
0.0565243475 0.0001088794
-0.0488924831 0.0001660755
0.0128621766 0.0032071448
0.0115734646 0.0041725477
-0.0259484313 0.0006291288
-0.0143936258 0.0025168089
0.0154452575 0.0025076128
-0.0271917805 0.0006484627
-0.0929710940 0.0000386961
0.0945263058 0.0000321126
-0.0742491782 0.0000885035
0.0692760423 0.0000684208
0.0578560829 0.0000975721
0.0488566943 0.0001897977
0.0463758335 0.0001465004
-0.0054805279 0.0135928430
0.0450564474 0.0001876843
-0.0042046937 0.0193997957
0.0052131494 0.0144399097
0.0077451938 0.0082486719
0.0064884303 0.0108123478
-0.0130972918 0.0031424409
0.0257050879 0.0006952643
0.0090178465 0.0063772318
0.0102859205 0.0049942858
-0.0755333826 0.0000617086
-0.0730384141 0.0000508387
-0.0717715845 0.0000568164
-0.0704705343 0.0000516369
-0.0655574948 0.0000969415
-0.0629855916 0.0000703281
-0.0692695752 0.0000647093
-0.0641993284 0.0000918641
-0.0617942363 0.0000662108
-0.0667899475 0.0000821925
-0.0679176450 0.0000674331
0.0705580860 0.0000615712
0.0718890056 0.0000601083
-0.0463227704 0.0001276994
-0.0477216654 0.0001598832
0.0654947013 0.0000910915
-0.0578634664 0.0001027635
0.0669103339 0.0000703674
-0.0591769740 0.0000990805
0.0641905889 0.0000653455
0.0629995540 0.0000742909
0.0679726750 0.0000579763
0.0617024675 0.0000673367
0.0603017695 0.0000887206
0.0476119705 0.0001724834
-0.0602943152 0.0000700374
-0.0246280711 0.0007301869
0.0591535270 0.0001020421
-0.0118306605 0.0041054222
-0.0067273700 0.0101732314
-0.0105592506 0.0049412400
0.0039409958 0.0217223950
-0.0092762373 0.0061916811
0.0027033512 0.0337720104
-0.0029494660 0.0302057061
0.0001602461 0.4216910899
-0.0080045406 0.0075267996
0.0014519434 0.0617055446
-0.0004110686 0.2039746046
-0.0017079888 0.0537383519
-0.1084885076 0.0000324307
-0.1050479338 0.0000238721
-0.1012451500 0.0000458272
-0.1025679410 0.0000411555
-0.0990520492 0.0000462748
-0.0939383730 0.0000421699
-0.0967048109 0.0000360453
0.1043619588 0.0000375469
0.1008646563 0.0000454705
0.0981334299 0.0000314114
0.0970486626 0.0000306675
0.0957615077 0.0000244035
0.1056286246 0.0000298738
-0.0953385532 0.0000181088
0.1031349897 0.0000329162
0.1020391062 0.0000442045
-0.1039251983 0.0000412463
-0.0977135897 0.0000360779
-0.1002203524 0.0000483647
