257.9040527344 0.0000028825
198.4124908447 0.0000000649
153.9583892822 0.0000002289
118.3068542480 0.0000006565
82.6511154175 0.0000103990
73.1407546997 0.0000049326
55.9399070740 0.0000004816
50.2266197205 0.0000000413
47.6576690674 0.0000000857
41.9081535339 0.0000090957
37.5595779419 0.0000031486
31.8570156097 0.0000015623
27.3086109161 0.0000263074
21.1815624237 0.0000000687
19.5243225098 0.0000013522
18.0391750336 0.0000018071
16.0891895294 0.0000006848
12.6409664154 0.0000000000
11.6486444473 0.0000000548
10.0904569626 0.0000014168
9.7228155136 0.0000016336
9.4153394699 0.0000046104
8.8111524582 0.0000006226
7.2087802887 0.0000003657
6.4787435532 0.0000000284
6.1674518585 0.0000000404
5.8540735245 0.0000006815
5.5389461517 0.0000024939
5.2139716148 0.0000000093
4.6299734116 0.0000002550
4.2086634636 0.0000003706
4.1132607460 0.0000020716
3.8198585510 0.0000009640
3.4422264099 0.0000006916
3.0081372261 0.0000006621
2.9410076141 0.0000035963
2.8158261776 0.0000029400
2.8021118641 0.0000000406
2.6193766594 0.0000050193
2.5618309975 0.0000080923
-2.0084600449 0.0000000128
-1.8281528950 0.0000020404
-1.7646626234 0.0000259016
-1.7183482647 0.0000000035
-1.5933405161 0.0000011647
2.3801913261 0.0000000155
2.2421894073 0.0000000697
2.1640567780 0.0000007166
-1.5351438522 0.0000048340
2.1146702766 0.0000001880
-1.4693418741 0.0000007973
-1.4054135084 0.0000057638
1.9841245413 0.0000006996
1.8677409887 0.0000001673
-1.3699139357 0.0000001924
-1.3260542154 0.0000003616
-1.3067272902 0.0000032987
1.8098322153 0.0000003357
1.7436511517 0.0000040694
1.6744815111 0.0000093725
-1.2405906916 0.0000003814
-1.2171036005 0.0000086009
-1.1694573164 0.0000044049
1.6630975008 0.0000056084
1.5515443087 0.0000032456
1.5223150253 0.0000017333
1.4251060486 0.0000019106
1.3400759697 0.0000109499
-1.1164708138 0.0000062491
-1.0096554756 0.0000075340
-0.9733670950 0.0000064466
-0.9168014526 0.0000163645
1.0129243135 0.0000055799
1.0916574001 0.0000059542
1.2005199194 0.0000081159
1.2777839899 0.0000047475
-1.0953345299 0.0000052152
-0.8437812924 0.0000063618
-0.6326872706 0.0000466232
-0.6951440573 0.0000220745
0.9026063085 0.0000181081
-0.5498381853 0.0000290652
-0.4781432748 0.0000582872
0.6483020186 0.0000293591
0.8318777084 0.0000249830
0.7449420691 0.0000103527
0.5549095869 0.0000425096
-0.2311477065 0.0003929786
-0.1488697827 0.0011434918
-0.0656268522 0.0057434784
-0.7773789167 0.0000078561
0.2720497549 0.0002735972
-0.3133682013 0.0001401238
-0.3956596255 0.0000881573
-0.0013835651 0.9071366787
0.0181505512 0.0812766999
0.3779814839 0.0001078892
0.1902565807 0.0008426819
0.1085769832 0.0021839249
0.4572416246 0.0000965576
