333.1091308594 0.0000004129
271.8413391113 0.0000004925
206.9836730957 0.0000001246
147.3851318359 0.0000000466
133.4562988281 0.0000030631
119.9899520874 0.0000000130
111.2519607544 0.0000002655
104.9410705566 0.0000015002
95.9122085571 0.0000004981
71.0360641479 0.0000006227
66.0757369995 0.0000008805
53.0412788391 0.0000015488
48.3014373779 0.0000002908
45.7685966492 0.0000001309
43.7567672729 0.0000000081
38.5815162659 0.0000006775
35.3197860718 0.0000122273
34.0114822388 0.0000013362
30.5740509033 0.0000003086
30.1304531097 0.0000000809
27.6205291748 0.0000023347
26.5387992859 0.0000001947
24.7097988129 0.0000000298
24.0994586945 0.0000040313
23.2477226257 0.0000006046
22.6524562836 0.0000032177
21.2208957672 0.0000002696
20.7445487976 0.0000010420
20.0113430023 0.0000000010
18.7629261017 0.0000000042
18.1830921173 0.0000075181
17.6701374054 0.0000020777
17.3789653778 0.0000072681
16.9490489960 0.0000000372
-9.5514707565 0.0000001801
-8.3440494537 0.0000027346
16.0007572174 0.0000011399
15.8598699570 0.0000000019
15.1389760971 0.0000002074
14.9202461243 0.0000038974
14.5458812714 0.0000000103
-8.0511913300 0.0000001616
-7.8182477951 0.0000019873
-7.4957642555 0.0000053455
14.0897264481 0.0000000871
13.7554454803 0.0000060017
13.3698825836 0.0000050259
12.9800262451 0.0000068291
12.6271810532 0.0000001207
11.8569135666 0.0000028906
11.5184526443 0.0000084047
-7.1526169777 0.0000000381
-6.9863495827 0.0000015039
11.1773729324 0.0000058295
-6.8775300980 0.0000000326
10.8698987961 0.0000090097
10.4937162399 0.0000017935
-6.4938707352 0.0000020028
-6.3177452087 0.0000005711
-6.0893650055 0.0000004413
9.9563245773 0.0000023335
9.3104057312 0.0000024371
8.9579687119 0.0000061637
-5.8087887764 0.0000102281
-5.7380337715 0.0000041493
8.0862264633 0.0000104936
7.5108933449 0.0000081947
7.0192189217 0.0000086908
6.5334424973 0.0000062789
-5.2529029846 0.0000068258
-4.9578695297 0.0000023761
-5.5783405304 0.0000023981
-4.6965484619 0.0000084747
5.3472666740 0.0000090687
4.9255943298 0.0000225697
4.4467229843 0.0000139750
-4.0582051277 0.0000111271
-3.7286753654 0.0000113911
-2.7331418991 0.0000599550
2.9164428711 0.0000554938
2.3987576962 0.0000985090
-2.3615992069 0.0000806624
-1.9575192928 0.0001585930
-1.5470650196 0.0002764848
-0.3137902021 0.0135628562
-0.0046469192 0.9298112392
0.1549061835 0.0471072942
8.4439353943 0.0000048962
3.3949441910 0.0000395190
1.9553886652 0.0001759576
-0.7137832046 0.0021636982
-4.4481205940 0.0000086431
-3.4232327938 0.0000252566
0.5501868129 0.0040953946
1.0035431385 0.0009441457
1.4485849142 0.0003780136
3.9567813873 0.0000238811
-1.1381182671 0.0006078954
-3.1010622978 0.0000522675
5.9270763397 0.0000017948
