333.1092834473 0.0000004130
271.8415222168 0.0000004923
206.9837036133 0.0000001247
147.3849334717 0.0000000467
133.4561614990 0.0000030637
119.9904403687 0.0000000130
111.2520523071 0.0000002655
104.9412460327 0.0000015006
95.9120635986 0.0000004981
71.0358352661 0.0000006221
66.0756225586 0.0000008798
53.0413703918 0.0000015494
48.3014488220 0.0000002909
45.7686309814 0.0000001310
43.7567710876 0.0000000081
38.5815773010 0.0000006776
35.3196754456 0.0000122271
34.0115356445 0.0000013356
30.5741004944 0.0000003086
30.1303749084 0.0000000808
27.6205215454 0.0000023348
26.5387744904 0.0000001948
24.7098121643 0.0000000297
24.0993938446 0.0000040307
23.2477626801 0.0000006047
22.6524333954 0.0000032167
21.2209568024 0.0000002694
20.7445964813 0.0000010420
20.0113601685 0.0000000010
18.7629776001 0.0000000042
18.1830883026 0.0000075186
17.6703205109 0.0000020790
17.3790264130 0.0000072707
16.9491233826 0.0000000372
16.0007247925 0.0000011404
15.8598995209 0.0000000019
15.1390790939 0.0000002075
14.9202508926 0.0000038985
14.5459718704 0.0000000102
14.0898303986 0.0000000870
13.7554750443 0.0000060043
13.3699474335 0.0000050263
12.9801464081 0.0000068291
12.6328163147 0.0000001217
11.8631343842 0.0000027076
11.5547475815 0.0000063375
11.3527317047 0.0000047105
11.0214347839 0.0000067156
10.8983964920 0.0000026554
10.7176971436 0.0000041228
-9.5514764786 0.0000001800
10.3409271240 0.0000006694
10.0567035675 0.0000009778
9.9062824249 0.0000012636
9.5597305298 0.0000006063
9.6055030823 0.0000000027
-8.3440914154 0.0000027343
9.2700176239 0.0000004803
9.1359615326 0.0000016073
9.1054019928 0.0000030066
-8.0512495041 0.0000001617
-7.8182764053 0.0000019856
8.8106632233 0.0000027519
8.7550487518 0.0000014308
8.6319704056 0.0000000496
-7.4957666397 0.0000053443
8.4146108627 0.0000014469
8.2431468964 0.0000052294
8.1134605408 0.0000045303
8.0121679306 0.0000019514
-7.1526551247 0.0000000382
-6.9863724709 0.0000015042
-6.8775501251 0.0000000327
7.7434821129 0.0000029034
7.6293926239 0.0000000874
7.4811897278 0.0000045257
-6.4939122200 0.0000020024
7.3124046326 0.0000030646
7.2861399651 0.0000000181
-6.3178420067 0.0000005710
7.0807247162 0.0000011766
6.9675388336 0.0000055946
6.9190082550 0.0000000612
-6.0900750160 0.0000004375
6.8030805588 0.0000007829
6.7086362839 0.0000014872
6.5300469398 0.0000007267
-5.8323216438 0.0000030186
-5.7848296165 0.0000105315
6.4511280060 0.0000039187
6.3641567230 0.0000000664
6.3002190590 0.0000000733
6.2019944191 0.0000000235
-5.6226058006 0.0000024697
-5.5472707748 0.0000006837
6.0735096931 0.0000000233
5.9994764328 0.0000002822
5.8525981903 0.0000001813
5.8222732544 0.0000005622
5.7467479706 0.0000001456
5.7333931923 0.0000001211
5.6008572578 0.0000011108
-5.2855086327 0.0000017586
-5.2546739578 0.0000041614
-5.1977710724 0.0000007734
5.5234203339 0.0000000480
5.4612197876 0.0000011626
-5.0752778053 0.0000009388
-5.0425648689 0.0000001259
5.3314113617 0.0000026323
5.3044219017 0.0000003404
5.2578535080 0.0000021775
-4.9277477264 0.0000000037
5.1502661705 0.0000000719
5.1194920540 0.0000039416
-4.8498620987 0.0000027395
-4.7837638855 0.0000008732
5.0574436188 0.0000001238
5.0289845467 0.0000069298
4.9993829727 0.0000010754
-4.6832647324 0.0000030104
-4.6078815460 0.0000054216
4.9164581299 0.0000017045
4.8815317154 0.0000000871
4.7946729660 0.0000113498
4.7784104347 0.0000005879
-4.4832692146 0.0000009562
4.7127542496 0.0000006973
-4.4418811798 0.0000000963
4.6607527733 0.0000003194
-4.4025831223 0.0000057066
4.6291604042 0.0000001240
-4.3333821297 0.0000000497
-4.3116536140 0.0000000399
4.5461258888 0.0000007001
4.5203824043 0.0000016240
4.4899487495 0.0000008038
-4.1800780296 0.0000000195
-4.1547889709 0.0000007856
4.4654645920 0.0000000223
4.4352140427 0.0000033077
4.4143805504 0.0000007702
4.3624095917 0.0000003093
-4.0908045769 0.0000023227
-4.0651865005 0.0000024323
4.2861409187 0.0000008129
4.2695398331 0.0000000488
-4.0048251152 0.0000040038
-3.9964828491 0.0000008095
4.2010774612 0.0000001824
4.1832280159 0.0000022373
4.1607022285 0.0000010145
-3.9462683201 0.0000008383
4.1260905266 0.0000029380
4.0826802254 0.0000035586
-3.8883695602 0.0000010705
4.0371518135 0.0000000172
-3.8744721413 0.0000001209
4.0047588348 0.0000048794
3.9973354340 0.0000010428
3.9755973816 0.0000025589
-3.8535370827 0.0000000037
-3.8222467899 0.0000012261
-3.8152775764 0.0000011251
3.9341542721 0.0000001097
3.8984868526 0.0000007771
-3.7453727722 0.0000000164
-3.7190625668 0.0000004708
3.8614938259 0.0000000013
3.8495380878 0.0000018777
3.8292303085 0.0000000984
3.8156921864 0.0000004930
-3.6791341305 0.0000011082
-3.6545422077 0.0000021089
-3.6134800911 0.0000000026
3.7795906067 0.0000000029
3.7586677074 0.0000038594
3.7496104240 0.0000000204
3.7066478729 0.0000002280
-3.5710072517 0.0000076502
-3.5551354885 0.0000034623
3.6649744511 0.0000008582
3.6475138664 0.0000002150
3.6312830448 0.0000006799
-3.5035507679 0.0000001357
-3.4950082302 0.0000036064
-3.4686367512 0.0000000072
-3.4354784489 0.0000003202
-3.4212844372 0.0000019079
-3.3830578327 0.0000002657
-3.3675165176 0.0000002982
3.5894553661 0.0000034833
3.5808997154 0.0000033803
3.5705764294 0.0000003844
3.5423874855 0.0000008035
3.5194170475 0.0000002014
3.5105082989 0.0000000049
3.4942398071 0.0000009534
3.4597465992 0.0000012987
3.4402077198 0.0000002272
3.4284110069 0.0000004166
-3.3320865631 0.0000000831
-3.3163337708 0.0000000422
-3.3004360199 0.0000027903
-3.2729001045 0.0000102020
-3.2636191845 0.0000004065
-3.2541170120 0.0000061157
-3.2201719284 0.0000014566
3.3694248199 0.0000045162
3.3609547615 0.0000000763
3.3511793613 0.0000014824
3.3373360634 0.0000079842
-3.1894035339 0.0000000224
-3.1679165363 0.0000060258
-3.1549093723 0.0000062554
-3.1594393253 0.0000001484
3.3043947220 0.0000012427
3.2966680527 0.0000011624
3.2864806652 0.0000057832
3.2811312675 0.0000007161
3.2685627937 0.0000039539
-3.1225948334 0.0000031439
3.2352871895 0.0000005968
3.2123327255 0.0000000650
3.2045121193 0.0000006790
3.1715893745 0.0000001001
-3.1069421768 0.0000016271
-3.0945262909 0.0000001639
-3.0784642696 0.0000027296
-3.0616464615 0.0000075411
3.1512920856 0.0000003837
3.1398367882 0.0000000399
3.1329545975 0.0000026953
3.1214478016 0.0000000078
3.1091744900 0.0000005130
3.0940413475 0.0000000039
3.0785582066 0.0000030581
-3.0386457443 0.0000015763
-3.0288178921 0.0000010066
-3.0062236786 0.0000003964
-2.9942364693 0.0000001220
-2.9983205795 0.0000033225
-2.9743230343 0.0000011696
-2.9614009857 0.0000001857
3.0662729740 0.0000016191
3.0514955521 0.0000009187
3.0342822075 0.0000001548
3.0257155895 0.0000047701
3.0162367821 0.0000000900
3.0059020519 0.0000002661
2.9892365932 0.0000019107
2.9771153927 0.0000026014
2.9667832851 0.0000000212
2.9502065182 0.0000008076
-2.9190289974 0.0000049744
-2.9120447636 0.0000007608
-2.8952167034 0.0000035718
-2.8826403618 0.0000018915
-2.8851046562 0.0000047871
-2.8722937107 0.0000055527
-2.8534908295 0.0000013446
-2.8316068649 0.0000000400
-2.8214969635 0.0000023869
-2.8059492111 0.0000001951
-2.8006067276 0.0000013842
-2.7911984921 0.0000002867
-2.7843637466 0.0000000824
-2.7755341530 0.0000002931
-2.7689332962 0.0000016519
-2.7450535297 0.0000107287
2.9326617718 0.0000000219
2.9198436737 0.0000021340
2.9066390991 0.0000006042
2.8916501999 0.0000017564
2.8803770542 0.0000001937
2.8569192886 0.0000047781
2.8517401218 0.0000038472
2.8450720310 0.0000107063
2.8301770687 0.0000023344
2.8362894058 0.0000000440
-2.7286307812 0.0000000138
-2.7180669308 0.0000000137
-2.7096266747 0.0000001827
-2.7003028393 0.0000013695
-2.6805055141 0.0000000141
-2.6705040932 0.0000038081
-2.6608181000 0.0000011875
-2.6477992535 0.0000005677
2.8105735779 0.0000002535
2.8055810928 0.0000000584
2.7930417061 0.0000000088
2.7858254910 0.0000001091
2.7697231770 0.0000001273
2.7483098507 0.0000000228
2.7348985672 0.0000027663
2.7276282310 0.0000000692
2.7220330238 0.0000001328
-2.6279270649 0.0000002652
-2.6231656075 0.0000007287
-2.6181526184 0.0000077483
-2.6054203510 0.0000044978
-2.5849871635 0.0000005105
-2.5723099709 0.0000023783
-2.5633068085 0.0000004545
-2.5545194149 0.0000046443
2.7076170444 0.0000025209
2.6917600632 0.0000031213
2.6953301430 0.0000000765
2.6789126396 0.0000004128
2.6613502502 0.0000001008
2.6579816341 0.0000010609
2.6457331181 0.0000000386
2.6412463188 0.0000011209
2.6311655045 0.0000028484
2.6228375435 0.0000005162
-2.5443613529 0.0000000048
-2.5341084003 0.0000027975
-2.5299713612 0.0000000603
-2.5080163479 0.0000070550
-2.5051751137 0.0000000256
-2.4914410114 0.0000009184
-2.4875774384 0.0000015263
-2.4813346863 0.0000012492
2.6122260094 0.0000002447
2.5958046913 0.0000001694
2.5893361568 0.0000000549
2.5813624859 0.0000060442
2.5763027668 0.0000000478
2.5609891415 0.0000000063
2.5551443100 0.0000025698
2.5480878353 0.0000004471
2.5429568291 0.0000005016
2.5382843018 0.0000000848
2.5264370441 0.0000000023
2.5165362358 0.0000002621
2.5069522858 0.0000001960
2.5016851425 0.0000002534
2.4938640594 0.0000022557
2.4883882999 0.0000006271
-2.4727091789 0.0000094388
-2.4572069645 0.0000028051
-2.4534523487 0.0000003438
-2.4456057549 0.0000000460
-2.4286301136 0.0000000744
-2.4248912334 0.0000000659
-2.4148180485 0.0000016553
-2.4188363552 0.0000004757
-2.4018790722 0.0000038904
-2.3964660168 0.0000024547
-2.3836643696 0.0000025716
-2.3697271347 0.0000005489
-2.3794190884 0.0000001233
-2.3767991066 0.0000001007
2.4755020142 0.0000000632
2.4701547623 0.0000047920
2.4674723148 0.0000000421
2.4569611549 0.0000003451
2.4452948570 0.0000000853
2.4394772053 0.0000015254
2.4352030754 0.0000022001
2.4206867218 0.0000034338
-2.3594911098 0.0000001351
-2.3485596180 0.0000001730
-2.3421006203 0.0000016572
-2.3384499550 0.0000005558
-2.3237831593 0.0000004464
-2.3105206490 0.0000064564
-2.3136310577 0.0000000837
2.4115612507 0.0000007959
2.4070374966 0.0000000866
2.3969058990 0.0000007366
2.3892889023 0.0000000292
2.3857965469 0.0000167518
2.3789734840 0.0000015930
2.3668258190 0.0000017231
2.3691532612 0.0000000384
2.3555784225 0.0000065684
2.3469114304 0.0000000459
2.3318481445 0.0000000872
2.3370251656 0.0000000333
2.3402998447 0.0000000081
-2.3034543991 0.0000029487
-2.3012814522 0.0000002481
-2.2887082100 0.0000001710
-2.2835454941 0.0000001420
-2.2799179554 0.0000004118
-2.2729895115 0.0000028278
-2.2721583843 0.0000001238
-2.2541556358 0.0000036863
-2.2473254204 0.0000067486
-2.2354500294 0.0000004447
2.3181176186 0.0000061174
2.3195047379 0.0000000768
2.2993140221 0.0000006169
2.2923183441 0.0000048699
2.2866470814 0.0000011705
2.2828464508 0.0000006794
2.2752614021 0.0000008998
-2.2281391621 0.0000001556
-2.2269678116 0.0000000539
-2.2241814137 0.0000000346
-2.2127521038 0.0000021417
-2.2115793228 0.0000026005
-2.2051599026 0.0000008906
-2.1950116158 0.0000013102
2.2693774700 0.0000001371
2.2642686367 0.0000004143
2.2407026291 0.0000021483
2.2529027462 0.0000013732
2.2543864250 0.0000014617
-2.1846830845 0.0000016533
2.2228043079 0.0000023793
2.2359688282 0.0000034361
2.2318122387 0.0000001790
-2.1787135601 0.0000061093
-2.1695089340 0.0000000182
-2.1671576500 0.0000007888
-2.1634244919 0.0000007369
-2.1520369053 0.0000002627
-2.1457564831 0.0000044886
2.2188725471 0.0000001494
2.2116043568 0.0000074637
2.2006092072 0.0000004889
2.1940829754 0.0000000034
2.1900339127 0.0000001766
2.1848773956 0.0000004887
2.1802098751 0.0000003985
-2.1390917301 0.0000000471
-2.1373231411 0.0000000921
-2.1310214996 0.0000019818
-2.1228346825 0.0000001879
-2.1158070564 0.0000002748
-2.1134407520 0.0000014594
2.1734430790 0.0000000049
2.1702363491 0.0000063782
2.1662731171 0.0000068170
2.1586477757 0.0000021100
2.1538898945 0.0000016228
2.1485655308 0.0000000894
2.1411836147 0.0000006022
2.1404888630 0.0000026160
2.1308472157 0.0000009606
2.1269249916 0.0000014621
2.1288409233 0.0000003826
-2.1046252251 0.0000000612
-2.0949585438 0.0000022005
-2.0740880966 0.0000021617
-2.0764548779 0.0000058488
-2.0924277306 0.0000000492
-2.0831217766 0.0000001617
-2.0871820450 0.0000000002
-2.0615057945 0.0000008977
-2.0647749901 0.0000017866
-2.0664870739 0.0000013772
2.1132123470 0.0000001313
2.1092953682 0.0000005712
2.1048927307 0.0000002523
2.1004724503 0.0000037742
2.0900273323 0.0000023846
2.0905098915 0.0000002958
-2.0519802570 0.0000005183
-2.0426483154 0.0000221433
-2.0460779667 0.0000012648
2.0844011307 0.0000007498
2.0940413475 0.0000000025
2.0718708038 0.0000009708
2.0686841011 0.0000033659
2.0698912144 0.0000011473
-2.0368664265 0.0000011618
-2.0311601162 0.0000006589
-2.0247530937 0.0000003028
-2.0195200443 0.0000003882
2.0530145168 0.0000134914
2.0609652996 0.0000000450
-2.0050592422 0.0000009027
-2.0106518269 0.0000000744
-2.0153379440 0.0000000021
2.0518517494 0.0000072073
2.0451171398 0.0000009626
2.0415904522 0.0000001989
2.0339148045 0.0000031154
2.0347166061 0.0000007600
-2.0002748966 0.0000000277
-1.9932984114 0.0000006322
-1.9904843569 0.0000007481
-1.9867837429 0.0000013228
2.0296881199 0.0000029479
2.0229084492 0.0000012662
2.0178201199 0.0000000078
2.0113785267 0.0000012745
1.9972294569 0.0000018513
1.9995341301 0.0000001893
-1.9782786369 0.0000015491
-1.9740200043 0.0000113997
-1.9687025547 0.0000021878
-1.9623421431 0.0000030261
-1.9650684595 0.0000013617
-1.9566444159 0.0000034695
-1.9550803900 0.0000001374
2.0039031506 0.0000000017
1.9760006666 0.0000044457
1.9904915094 0.0000004228
1.9869771004 0.0000002073
1.9816178083 0.0000000164
1.9612628222 0.0000010268
1.9664067030 0.0000071140
1.9769524336 0.0000000810
-1.9480624199 0.0000000456
-1.9427779913 0.0000000560
-1.9381165504 0.0000066394
-1.9324414730 0.0000034704
-1.9280948639 0.0000033927
-1.9217520952 0.0000070056
-1.9136300087 0.0000000365
-1.9388796091 0.0000000000
1.9342178106 0.0000019732
1.9537627697 0.0000000563
1.9377584457 0.0000005524
1.9407125711 0.0000065960
1.9439003468 0.0000024456
1.9497178793 0.0000030739
1.9472979307 0.0000000056
-1.9083998203 0.0000000288
-1.9016697407 0.0000030266
-1.9060047865 0.0000000002
-1.8967421055 0.0000003272
-1.8950109482 0.0000002937
1.9296314716 0.0000065046
1.9231470823 0.0000001849
1.9257115126 0.0000000886
-1.8878827095 0.0000002706
-1.8806557655 0.0000023140
-1.8769824505 0.0000073657
1.9082845449 0.0000028276
1.9169707298 0.0000000500
1.9139626026 0.0000010060
1.9129151106 0.0000000001
-1.8717033863 0.0000006562
-1.8676013947 0.0000030433
-1.8650583029 0.0000041494
-1.8632007837 0.0000012937
1.8996177912 0.0000005223
1.8969358206 0.0000023027
1.8831974268 0.0000015324
1.8877418041 0.0000012866
1.8896769285 0.0000000455
-1.8601207733 0.0000000698
-1.8564500809 0.0000011238
-1.8526555300 0.0000008375
-1.8484091759 0.0000000053
-1.8421208858 0.0000002662
1.8781735897 0.0000030640
1.8756145239 0.0000002766
1.8634920120 0.0000024136
1.8670854568 0.0000037741
1.8664803505 0.0000000508
-1.8394253254 0.0000001107
-1.8333809376 0.0000019828
-1.8327236176 0.0000017029
-1.8308974504 0.0000003566
-1.8236795664 0.0000000319
-1.8180875778 0.0000028691
1.8131672144 0.0000026609
1.8561038971 0.0000030806
1.8534426689 0.0000000190
1.8511594534 0.0000010600
1.8470379114 0.0000039465
1.8441020250 0.0000003117
1.8425909281 0.0000009785
1.8100619316 0.0000009141
1.8270092010 0.0000028986
1.8307399750 0.0000072948
1.8414449692 0.0000010251
1.8353348970 0.0000000092
1.8198391199 0.0000011818
-1.8128424883 0.0000017739
-1.7707191706 0.0000070225
-1.7767921686 0.0000001751
-1.8148633242 0.0000000119
-1.8000699282 0.0000010582
-1.8038465977 0.0000002217
-1.8065307140 0.0000006842
-1.7920787334 0.0000001251
-1.7854266167 0.0000034163
-1.7859396935 0.0000008389
-1.7886790037 0.0000048285
1.8077117205 0.0000000908
1.8159499168 0.0000007612
-1.7992615700 0.0000000280
-1.7668449879 0.0000038260
-1.7773510218 0.0000000112
1.8005473614 0.0000008967
1.8048098087 0.0000000310
-1.7663698196 0.0000000363
-1.7567267418 0.0000017557
-1.7575539351 0.0000013958
-1.7465507984 0.0000013307
-1.7501647472 0.0000081418
-1.7524807453 0.0000056646
-1.7531147003 0.0000003537
1.7970658541 0.0000000085
1.7901186943 0.0000000484
1.7872074842 0.0000013935
1.7825028896 0.0000012616
1.7830185890 0.0000000286
-1.7409470081 0.0000057231
-1.7356246710 0.0000012538
-1.7388982773 0.0000000640
-1.7289192677 0.0000006275
-1.7251824141 0.0000001540
-1.7207120657 0.0000032438
1.7755328417 0.0000001118
1.7708134651 0.0000008970
1.7667084932 0.0000010181
1.7618346214 0.0000008011
1.7576569319 0.0000015815
-1.6997125149 0.0000006186
-1.7212297916 0.0000070106
-1.7020982504 0.0000000636
-1.7058507204 0.0000061046
-1.7172417641 0.0000002183
-1.7119622231 0.0000001612
-1.7129093409 0.0000000001
1.7560555935 0.0000001727
1.7535187006 0.0000025257
1.7511669397 0.0000011449
1.7477912903 0.0000001223
1.7439029217 0.0000008213
1.7404088974 0.0000000796
1.7268155813 0.0000022799
1.7306175232 0.0000002654
1.7324143648 0.0000053928
1.7341154814 0.0000010370
-1.6942468882 0.0000017522
-1.6957191229 0.0000005634
-1.6916116476 0.0000003117
1.7141869068 0.0000006707
1.7163110971 0.0000089531
1.7179410458 0.0000014828
1.7199743986 0.0000000085
-1.6788808107 0.0000009955
-1.6860913038 0.0000000005
1.7097831964 0.0000007505
1.7130186558 0.0000011555
-1.6719970703 0.0000000581
-1.6762429476 0.0000066222
-1.6784412861 0.0000003318
1.7020205259 0.0000032211
-1.6647185087 0.0000026861
-1.6690413952 0.0000002629
-1.6671158075 0.0000010697
1.6926633120 0.0000075217
1.6968706846 0.0000001347
1.6988754272 0.0000000104
-1.6599758863 0.0000001045
1.6844439507 0.0000011420
1.6919841766 0.0000006424
1.6883949041 0.0000002935
1.6892139912 0.0000009976
-1.6560506821 0.0000002478
-1.6495018005 0.0000011315
-1.6481362581 0.0000000033
1.6781471968 0.0000000621
-1.6377662420 0.0000011431
-1.6398794651 0.0000035325
-1.6434446573 0.0000010977
-1.6445918083 0.0000000162
1.6799050570 0.0000000004
1.6676626205 0.0000003605
1.6715158224 0.0000001498
1.6702948809 0.0000021935
-1.6357946396 0.0000005158
-1.6282045841 0.0000018798
-1.6315045357 0.0000000114
1.6633070707 0.0000009341
1.6571440697 0.0000001681
1.6607086658 0.0000002028
1.6592456102 0.0000002777
-1.6246089935 0.0000001264
-1.6215056181 0.0000002249
-1.6190466881 0.0000085472
-1.6166504622 0.0000016808
-1.6143863201 0.0000007796
1.6520708799 0.0000000360
1.6491674185 0.0000005210
1.6361712217 0.0000048463
1.6449328661 0.0000006352
1.6438988447 0.0000003561
1.6415719986 0.0000004684
1.6386307478 0.0000001701
-1.6017048359 0.0000021105
-1.6039470434 0.0000014097
-1.6078804731 0.0000071646
-1.6089559793 0.0000011435
-1.6097227335 0.0000005357
1.6349905729 0.0000000304
1.6305598021 0.0000015490
1.6139296293 0.0000015357
1.6251426935 0.0000005099
1.6169534922 0.0000000886
1.6184825897 0.0000023279
1.6232434511 0.0000000632
1.6227537394 0.0000010999
-1.5982390642 0.0000011594
1.6080651283 0.0000005185
1.6120722294 0.0000027628
-1.5926780701 0.0000006773
-1.5958030224 0.0000000080
1.6011358500 0.0000082022
1.6047749519 0.0000002909
1.6032795906 0.0000003806
-1.5871176720 0.0000000659
-1.5854303837 0.0000001213
-1.5789318085 0.0000011636
-1.5798515081 0.0000004808
1.5973008871 0.0000036290
1.5951610804 0.0000001435
1.5901529789 0.0000003753
1.5857124329 0.0000021267
-1.5343878269 0.0000033393
-1.5834540129 0.0000000709
-1.5376561880 0.0000008591
-1.5404753685 0.0000013093
-1.5728594065 0.0000000053
-1.5683110952 0.0000052175
-1.5654591322 0.0000003947
-1.5551611185 0.0000035493
1.5483345985 0.0000032376
1.5502740145 0.0000008147
1.5808309317 0.0000065322
1.5663993359 0.0000012679
1.5765846968 0.0000006274
1.5772559643 0.0000001594
-1.5886373520 0.0000000001
-1.5442789793 0.0000000311
-1.5587908030 0.0000049003
-1.5489649773 0.0000010618
-1.5528413057 0.0000089303
-1.5513787270 0.0000000130
-1.5692160130 0.0000000352
-1.5625383854 0.0000000909
-1.5577628613 0.0000000350
1.5827651024 0.0000002006
1.5566834211 0.0000001640
1.5627257824 0.0000004594
1.5595066547 0.0000041353
1.5710742474 0.0000023955
1.5698279142 0.0000003726
1.5604349375 0.0000003356
1.5734835863 0.0000000037
-1.5286387205 0.0000025869
-1.5312328339 0.0000001748
-1.5260862112 0.0000000035
-1.5242924690 0.0000003936
-1.5227482319 0.0000020564
-1.5196318626 0.0000004648
-1.5149446726 0.0000084206
-1.5161015987 0.0000006343
1.5538517237 0.0000000031
-1.5188459158 0.0000000147
-1.5105226040 0.0000056191
-1.5078407526 0.0000001772
-1.5047186613 0.0000002099
-1.5007504225 0.0000011444
-1.5026422739 0.0000002476
-1.4858156443 0.0000068358
-1.4881656170 0.0000022214
-1.4913580418 0.0000062279
-1.4986182451 0.0000005391
-1.4967949390 0.0000003976
-1.4938933849 0.0000001193
1.5464730263 0.0000005755
1.5434436798 0.0000007270
1.5416861773 0.0000000168
1.5401045084 0.0000000146
1.5366005898 0.0000003022
1.5356181860 0.0000005651
1.5318644047 0.0000004952
-1.4807764292 0.0000040024
-1.4821131229 0.0000005496
1.5233764648 0.0000048435
1.5286487341 0.0000016946
1.5266910791 0.0000003319
-1.4771194458 0.0000007193
-1.4787311554 0.0000001505
1.5242265463 0.0000002384
1.5186967850 0.0000015470
1.5200867653 0.0000000447
-1.4725934267 0.0000060556
-1.4747099876 0.0000011133
-1.4696393013 0.0000016239
-1.4691268206 0.0000051572
-1.4673198462 0.0000008704
-1.4642912149 0.0000039037
-1.4583934546 0.0000031089
-1.4608280659 0.0000001119
1.5149993896 0.0000010673
1.5128402710 0.0000003828
1.5121281147 0.0000006293
1.5089702606 0.0000043748
1.5034517050 0.0000046201
1.5046298504 0.0000109685
-1.4651361704 0.0000000604
-1.4522656202 0.0000094688
-1.4547482729 0.0000005090
-1.4538402557 0.0000014103
-1.4460660219 0.0000035841
-1.4466249943 0.0000048885
-1.4495905638 0.0000000001
1.5079756975 0.0000000050
1.4905374050 0.0000009875
1.4989268780 0.0000012575
1.4969544411 0.0000040900
1.4978421926 0.0000000622
1.4938246012 0.0000051395
1.4926733971 0.0000001644
1.4875323772 0.0000000963
-1.4426100254 0.0000007594
-1.4434630871 0.0000006663
-1.4395970106 0.0000010160
-1.4368968010 0.0000040080
1.4866299629 0.0000000116
1.4824166298 0.0000007232
1.4821548462 0.0000000120
1.4761437178 0.0000055769
1.4752693176 0.0000000282
-1.3854531050 0.0000012672
-1.3882547617 0.0000004747
-1.4260673523 0.0000000308
-1.4293682575 0.0000000099
-1.4387754202 0.0000000826
-1.4351110458 0.0000032473
-1.4347476959 0.0000055881
-1.4334015846 0.0000042632
1.4703202248 0.0000003840
1.4710103273 0.0000003572
1.4676090479 0.0000019460
1.4602872133 0.0000023409
1.4657083750 0.0000027219
1.4621251822 0.0000009180
1.4636650085 0.0000006377
-1.3893285990 0.0000006578
-1.4181747437 0.0000005640
-1.4244672060 0.0000002214
-1.4218599796 0.0000076696
-1.4215453863 0.0000010936
1.4556567669 0.0000017930
1.4589442015 0.0000003353
-1.3937230110 0.0000000610
-1.4078457355 0.0000031745
-1.4097955227 0.0000038517
-1.4151933193 0.0000028539
-1.4127942324 0.0000029018
1.4522290230 0.0000048016
1.4503062963 0.0000001902
-1.3926150799 0.0000000062
1.4489024878 0.0000002297
1.4463107586 0.0000010825
1.4467030764 0.0000000186
-1.3976486921 0.0000034885
-1.3966536522 0.0000000066
-1.4032995701 0.0000015592
-1.4140274525 0.0000001355
-1.4022748470 0.0000001616
-1.4010293484 0.0000000006
-1.3999841213 0.0000001025
1.4407088757 0.0000025518
1.4379860163 0.0000000515
1.3914649487 0.0000077045
1.4360638857 0.0000012600
1.4342677593 0.0000051879
1.4350243807 0.0000007918
1.3943362236 0.0000013299
1.3961182833 0.0000004881
1.3977924585 0.0000003431
1.4305914640 0.0000089959
1.4328140020 0.0000000003
1.4275126457 0.0000036606
1.4279741049 0.0000000206
1.4000711441 0.0000006113
1.4003857374 0.0000024908
1.4033955336 0.0000025043
1.4042180777 0.0000033737
1.4250509739 0.0000035938
1.4244295359 0.0000005422
1.4211007357 0.0000056233
1.4225041866 0.0000018931
1.4062066078 0.0000001781
1.4199362993 0.0000001535
1.4081748724 0.0000032196
1.4159518480 0.0000057642
1.4146903753 0.0000029197
1.4150160551 0.0000054750
1.4089720249 0.0000000819
-1.3794498444 0.0000031836
-1.3816282749 0.0000058605
-1.3841003180 0.0000007298
-1.3777480125 0.0000000367
-1.3742705584 0.0000006192
-1.3692743778 0.0000014996
-1.3718663454 0.0000046159
-1.3732869625 0.0000000002
-1.3643443584 0.0000019611
-1.3651427031 0.0000002877
-1.3667585850 0.0000008192
-1.3618408442 0.0000002388
-1.3582124710 0.0000005190
-1.3469184637 0.0000026344
-1.3539009094 0.0000017929
-1.3562694788 0.0000001481
-1.3557100296 0.0000000066
-1.3515939713 0.0000002260
-1.3519890308 0.0000017746
1.3883401155 0.0000046678
1.3896169662 0.0000003862
1.3900167942 0.0000000097
-1.3421988487 0.0000005357
-1.3453295231 0.0000008945
-1.3441356421 0.0000000159
1.3866517544 0.0000021708
1.3776223660 0.0000001331
1.3787037134 0.0000008942
1.3801516294 0.0000004354
1.3820631504 0.0000001830
1.3833900690 0.0000001003
-1.3402611017 0.0000017783
1.3740527630 0.0000011167
1.3751510382 0.0000013324
1.3720673323 0.0000002644
1.3708806038 0.0000002159
-1.2854647636 0.0000061667
-1.2890987396 0.0000005351
-1.2923219204 0.0000019960
-1.3381309509 0.0000007565
-1.3376740217 0.0000010723
-1.3350723982 0.0000013198
1.3680273294 0.0000063841
1.3673329353 0.0000014122
-1.2934455872 0.0000000722
-1.2954659462 0.0000010774
-1.3264300823 0.0000028191
-1.3291716576 0.0000012410
-1.3310208321 0.0000013108
-1.3325892687 0.0000058091
-1.3365173340 0.0000005411
-1.3361884356 0.0000000634
-1.2967898846 0.0000003925
1.3556253910 0.0000007043
1.3583080769 0.0000000364
1.3597384691 0.0000010343
1.3654812574 0.0000000373
1.3618203402 0.0000015618
1.3647106886 0.0000010354
1.3633456230 0.0000013237
-1.3238482475 0.0000020051
-1.3101460934 0.0000006533
-1.3107035160 0.0000004885
-1.3135508299 0.0000004645
-1.3151079416 0.0000082018
-1.3161697388 0.0000054061
-1.3217399120 0.0000001096
-1.3195151091 0.0000028325
-1.3186146021 0.0000005216
1.3532533646 0.0000001307
1.2921282053 0.0000013963
1.3522030115 0.0000003783
-1.3040429354 0.0000045856
-1.3014630079 0.0000002890
-1.3011202812 0.0000001035
1.2949291468 0.0000007146
1.2955998182 0.0000056586
1.3495448828 0.0000035993
1.3487867117 0.0000091706
1.3467605114 0.0000030260
1.2975211143 0.0000004138
1.3432168961 0.0000008485
1.3415232897 0.0000015872
1.3447214365 0.0000001178
1.3458731174 0.0000000082
-1.3213864565 0.0000000418
-1.3000705242 0.0000000017
-1.3052536249 0.0000000164
-1.3070358038 0.0000029067
-1.3068432808 0.0000001861
1.2995569706 0.0000050932
1.3370678425 0.0000043764
1.3397520781 0.0000003768
1.3008128405 0.0000077406
1.2990151644 0.0000030148
1.3087649345 0.0000103475
1.3110015392 0.0000004929
1.3354277611 0.0000003610
1.3385615349 0.0000002336
1.3024350405 0.0000000849
1.3036307096 0.0000002333
1.3127577305 0.0000065026
1.3176772594 0.0000045173
1.3193100691 0.0000019169
1.3211499453 0.0000006527
1.3335562944 0.0000021204
1.3322826624 0.0000015787
1.3316357136 0.0000008730
1.3159409761 0.0000002943
1.3283096552 0.0000002384
1.3227082491 0.0000036905
1.3239623308 0.0000071013
1.3255021572 0.0000001863
1.3045731783 0.0000000020
1.3096550703 0.0000000542
1.3297488689 0.0000000076
1.3248966932 0.0000006238
1.3161066771 0.0000000011
-1.2864885330 0.0000000106
-1.2883708477 0.0000000019
-1.2826020718 0.0000059079
-1.2832556963 0.0000004544
-1.2790075541 0.0000027670
-1.2799912691 0.0000004621
-1.2243149281 0.0000010878
-1.2716486454 0.0000034815
-1.2744706869 0.0000039773
-1.2775644064 0.0000036548
-1.2768902779 0.0000008550
-1.2226468325 0.0000018388
-1.2688939571 0.0000078827
-1.2731986046 0.0000000892
-1.2698370218 0.0000004275
-1.2651574612 0.0000011018
-1.2649234533 0.0000025449
-1.2623640299 0.0000013678
-1.2634675503 0.0000000371
-1.2266327143 0.0000009050
-1.2289990187 0.0000013630
-1.2285386324 0.0000179013
-1.2277369499 0.0000000397
-1.2592923641 0.0000028297
-1.2606984377 0.0000003334
-1.2319269180 0.0000000394
-1.2540818453 0.0000004416
-1.2565791607 0.0000001854
-1.2567954063 0.0000000935
-1.2601767778 0.0000003680
-1.2513558865 0.0000000817
-1.2343569994 0.0000008097
-1.2361381054 0.0000002188
-1.2373442650 0.0000055452
-1.2394548655 0.0000003154
-1.2385402918 0.0000000389
-1.2498861551 0.0000017662
-1.2470952272 0.0000041658
-1.2460402250 0.0000000718
-1.2483447790 0.0000000601
-1.2446275949 0.0000038556
1.2893538475 0.0000010843
1.2872560024 0.0000002782
1.2895517349 0.0000002106
1.2864141464 0.0000002296
-1.2346197367 0.0000000104
-1.2494782209 0.0000000148
-1.2411046028 0.0000000435
-1.2414551973 0.0000000917
-1.2448009253 0.0000001324
1.2839112282 0.0000004991
1.2848261595 0.0000000039
1.2255402803 0.0000022393
1.2276979685 0.0000001740
1.2295335531 0.0000010453
1.2829070091 0.0000003092
1.2812967300 0.0000004520
1.2804452181 0.0000016611
1.2739793062 0.0000052648
1.2785648108 0.0000000822
1.2771576643 0.0000051537
1.2300561666 0.0000004234
1.2314856052 0.0000079940
1.2720638514 0.0000007961
1.2760506868 0.0000016604
1.2767406702 0.0000005476
1.2700607777 0.0000017034
1.2690523863 0.0000001835
1.2323710918 0.0000040295
1.2326915264 0.0000017212
1.2349739075 0.0000002497
1.2369166613 0.0000020115
1.2661366463 0.0000000155
1.2636573315 0.0000013313
1.2652188540 0.0000003898
1.2648879290 0.0000000455
1.2610751390 0.0000013752
1.2586714029 0.0000019934
1.2592265606 0.0000000823
1.2376577854 0.0000007284
1.2381805182 0.0000012547
1.2568961382 0.0000000845
1.2553688288 0.0000025099
1.2545773983 0.0000002106
1.2521735430 0.0000026513
1.2514137030 0.0000007544
1.2401125431 0.0000000347
1.2405267954 0.0000008068
1.2433382273 0.0000008205
1.2413952351 0.0000000351
1.2452584505 0.0000014322
1.2460494041 0.0000007041
1.2479654551 0.0000034119
1.2495181561 0.0000003878
1.2498623133 0.0000000072
-1.1755318642 0.0000003530
-1.1763756275 0.0000004492
-1.1777751446 0.0000000678
-1.1787911654 0.0000033177
-1.1797912121 0.0000022824
-1.1811019182 0.0000063795
-1.1812722683 0.0000020858
-1.2304365635 0.0000000000
-1.2232710123 0.0000000109
-1.1821115017 0.0000004015
-1.1843411922 0.0000014181
-1.1840020418 0.0000004157
-1.2203509808 0.0000000085
1.1770180464 0.0000035679
1.1788405180 0.0000004905
-1.1868878603 0.0000011946
-1.1876773834 0.0000035603
-1.2188966274 0.0000010714
-1.2180477381 0.0000014680
-1.2158206701 0.0000010755
-1.1898207664 0.0000064439
-1.1919482946 0.0000044978
-1.1928509474 0.0000019853
1.1815655231 0.0000098085
1.1827430725 0.0000009076
1.1830509901 0.0000000328
1.1845983267 0.0000000171
1.1857142448 0.0000014592
-1.1893482208 0.0000003372
-1.2140605450 0.0000020820
-1.2142295837 0.0000037753
-1.2130148411 0.0000007262
-1.1970503330 0.0000042265
-1.1964308023 0.0000014666
-1.1952388287 0.0000007494
-1.1988189220 0.0000029970
-1.2012504339 0.0000013628
-1.2107013464 0.0000041668
-1.2091712952 0.0000001317
-1.2078748941 0.0000034980
-1.2063606977 0.0000043848
-1.2058960199 0.0000002772
-1.2029113770 0.0000010305
1.1871300936 0.0000024501
1.1897487640 0.0000003143
1.1904804707 0.0000027238
1.1910727024 0.0000001275
1.1936478615 0.0000005061
1.1976102591 0.0000035597
1.1991039515 0.0000010837
1.2004489899 0.0000007110
1.2090034485 0.0000077095
1.2235070467 0.0000044506
1.2226907015 0.0000123821
-1.2040801048 0.0000000135
-1.1999475956 0.0000006088
1.1931633949 0.0000005152
1.1954829693 0.0000026509
1.1964784861 0.0000011431
1.2192603350 0.0000011816
1.2245078087 0.0000000706
1.2211803198 0.0000063704
1.2025148869 0.0000000004
1.2043938637 0.0000012091
1.2039226294 0.0000003123
1.2205313444 0.0000001966
1.2077839375 0.0000070428
1.2173093557 0.0000039768
1.2106475830 0.0000011305
1.2126569748 0.0000000794
1.2112939358 0.0000001810
1.2145018578 0.0000005988
1.2161400318 0.0000034301
1.2157571316 0.0000001304
-1.2110091448 0.0000000025
1.2073190212 0.0000000039
-1.1380866766 0.0000084669
-1.1401112080 0.0000020205
1.1084092855 0.0000050076
-1.1430932283 0.0000009271
-1.1417438984 0.0000014215
-1.1418175697 0.0000004801
1.1119313240 0.0000005886
1.1124651432 0.0000007229
-1.1461930275 0.0000040562
-1.1449136734 0.0000000128
-1.1480820179 0.0000021321
-1.1487509012 0.0000030635
-1.1502604485 0.0000000255
-1.1733165979 0.0000000504
-1.1722453833 0.0000001880
-1.1689296961 0.0000022378
-1.1698052883 0.0000000214
-1.1519421339 0.0000016919
-1.1560668945 0.0000024904
-1.1674362421 0.0000016745
-1.1530523300 0.0000079999
-1.1542689800 0.0000019556
-1.1588166952 0.0000108953
-1.1596838236 0.0000004289
-1.1527470350 0.0000010154
-1.1552618742 0.0000057980
-1.1638505459 0.0000000232
-1.1603184938 0.0000016030
-1.1616160870 0.0000000504
-1.1625913382 0.0000007640
-1.1656937599 0.0000003603
-1.1656448841 0.0000001306
1.1387376785 0.0000018999
1.1412715912 0.0000011308
1.1417833567 0.0000002805
1.1430643797 0.0000005869
1.1448018551 0.0000000469
1.1454203129 0.0000000928
1.1472201347 0.0000038190
1.1468029022 0.0000000206
1.1498715878 0.0000008549
1.1508462429 0.0000047631
1.1517409086 0.0000001923
1.1534720659 0.0000050444
1.1554483175 0.0000141343
1.1546233892 0.0000015363
1.1562274694 0.0000009148
1.1673519611 0.0000005509
1.1579933167 0.0000003217
1.1586440802 0.0000001129
1.1599323750 0.0000080810
1.1605695486 0.0000011377
1.1631753445 0.0000021664
1.1621154547 0.0000002952
1.1684679985 0.0000002077
1.1782833338 0.0000000051
1.1769443750 0.0000000466
1.1741278172 0.0000035553
1.1697193384 0.0000000093
1.1724845171 0.0000082582
1.1710842848 0.0000006593
1.1716698408 0.0000007914
1.1653575897 0.0000000005
1.1734399796 0.0000000447
-1.1062399149 0.0000004657
-1.1086359024 0.0000021715
-1.1097662449 0.0000016049
-1.1106022596 0.0000017413
-1.1109814644 0.0000004093
-1.1126202345 0.0000017935
-1.1134548187 0.0000021772
-1.1144534349 0.0000025113
-1.1155558825 0.0000007739
-1.1255583763 0.0000006345
-1.1248066425 0.0000024263
-1.1229481697 0.0000077862
-1.1214765310 0.0000022484
-1.1165831089 0.0000007792
-1.1173827648 0.0000018634
-1.1207560301 0.0000005335
-1.1271666288 0.0000001053
-1.1292473078 0.0000010346
-1.1304932833 0.0000003039
-1.1313276291 0.0000007602
-1.1370917559 0.0000004933
-1.1342836618 0.0000002365
-1.1329483986 0.0000002073
-1.1357625723 0.0000003391
-1.1189745665 0.0000027070
-1.1191781759 0.0000002690
1.1105762720 0.0000002070
1.1113976240 0.0000019137
1.1141115427 0.0000000367
1.1152317524 0.0000009693
-1.1363867521 0.0000000963
1.1165302992 0.0000000193
1.1183197498 0.0000000433
1.1174292564 0.0000003251
1.1208349466 0.0000003604
1.1214642525 0.0000005304
1.1237840652 0.0000012372
1.1401944160 0.0000000153
1.1243369579 0.0000005700
1.1375354528 0.0000007237
1.1366913319 0.0000007712
1.1257568598 0.0000073611
1.1254049540 0.0000028842
1.1341478825 0.0000012895
1.1348915100 0.0000003194
1.1264855862 0.0000005578
1.1271883249 0.0000006597
1.1319030523 0.0000021510
1.1324411631 0.0000010788
1.1292470694 0.0000008429
1.1305614710 0.0000010512
1.1300815344 0.0000003290
1.1188277006 0.0000063766
-1.1282724142 0.0000000003
-1.0490678549 0.0000040083
-1.0503507853 0.0000020390
1.0681047440 0.0000000783
-1.0813775063 0.0000002832
-1.0827428102 0.0000005222
-1.0835894346 0.0000025554
-1.0849461555 0.0000008108
-1.0845115185 0.0000006541
-1.0860855579 0.0000030829
-1.0863740444 0.0000095753
-1.0877113342 0.0000028686
-1.0893861055 0.0000011160
1.0812768936 0.0000027591
1.0822622776 0.0000057229
1.0826110840 0.0000024736
-1.0907896757 0.0000007747
-1.1067990065 0.0000000780
1.0837266445 0.0000029067
-1.0921605825 0.0000021664
-1.0933998823 0.0000026413
-1.0938510895 0.0000004409
-1.0989407301 0.0000002219
-1.1004512310 0.0000002125
-1.1028125286 0.0000003418
-1.1033016443 0.0000023917
-1.1042016745 0.0000033034
-1.0999881029 0.0000004859
1.0848257542 0.0000000482
-1.0957007408 0.0000000813
-1.0964422226 0.0000012735
-1.0974653959 0.0000009173
1.0864330530 0.0000018592
1.0886911154 0.0000001797
1.0879369974 0.0000004390
1.0880011320 0.0000014548
-1.0927187204 0.0000000537
-1.0971888304 0.0000013919
1.0973612070 0.0000023369
1.0959656239 0.0000017961
1.0895082951 0.0000000163
1.0908995867 0.0000100075
1.0911355019 0.0000036573
1.0927859545 0.0000001591
1.1038628817 0.0000053370
1.1063420773 0.0000007207
1.1075022221 0.0000000888
1.1007828712 0.0000021961
1.0997034311 0.0000030432
1.0988913774 0.0000045418
1.0992503166 0.0000015376
1.1017532349 0.0000013289
1.1018166542 0.0000000256
1.0921349525 0.0000000253
1.0953739882 0.0000000010
1.1053034067 0.0000000005
1.0618368387 0.0000051996
1.0637271404 0.0000032943
1.0643191338 0.0000036772
1.0647929907 0.0000023974
1.0671515465 0.0000000307
1.0693422556 0.0000000064
1.0709211826 0.0000000015
1.0715618134 0.0000000290
1.0730664730 0.0000029122
1.0733566284 0.0000045908
1.0740561485 0.0000001047
-1.0497949123 0.0000019372
-1.0534675121 0.0000010139
-1.0521547794 0.0000015351
-1.0526670218 0.0000001892
-1.0511102676 0.0000075594
1.0772726536 0.0000109711
1.0765722990 0.0000002287
-1.0547845364 0.0000004556
1.0748931170 0.0000003627
1.0776567459 0.0000021594
1.0800215006 0.0000023110
-1.0558700562 0.0000000014
-1.0571824312 0.0000058098
1.0785231590 0.0000000174
-1.0588333607 0.0000002042
-1.0606586933 0.0000010505
-1.0620107651 0.0000000002
-1.0631440878 0.0000012570
-1.0648211241 0.0000001515
-1.0661339760 0.0000012422
-1.0669711828 0.0000019209
-1.0676908493 0.0000019165
-1.0681406260 0.0000001863
-1.0696969032 0.0000030319
-1.0806422234 0.0000005424
-1.0782791376 0.0000003538
-1.0799385309 0.0000016372
-1.0793161392 0.0000034157
-1.0706088543 0.0000003283
-1.0709908009 0.0000000045
-1.0769720078 0.0000015013
-1.0722174644 0.0000005579
-1.0728805065 0.0000000028
-1.0748975277 0.0000044927
-1.0752464533 0.0000031549
-1.0751888752 0.0000006324
-1.0564817190 0.0000000041
-1.0600723028 0.0000013906
1.0211248398 0.0000046836
1.0233993530 0.0000002538
1.0253925323 0.0000022245
1.0259475708 0.0000018497
1.0268378258 0.0000000017
1.0286436081 0.0000044016
1.0311890841 0.0000039327
1.0333858728 0.0000066249
1.0359479189 0.0000032579
1.0380902290 0.0000000303
1.0408750772 0.0000015732
1.0425496101 0.0000017982
1.0440237522 0.0000013749
1.0453503132 0.0000000463
1.0462003946 0.0000004193
1.0467802286 0.0000000792
1.0482323170 0.0000014345
1.0495384932 0.0000002575
1.0490279198 0.0000003449
1.0505132675 0.0000002577
1.0524051189 0.0000032181
1.0528683662 0.0000000545
1.0539798737 0.0000018074
1.0557104349 0.0000003065
1.0551279783 0.0000000162
1.0573818684 0.0000004389
1.0603182316 0.0000001135
1.0588014126 0.0000015149
1.0585227013 0.0000026434
1.0595043898 0.0000000696
1.0518301725 0.0000001470
1.0658358335 0.0000000006
1.0677787066 0.0000000001
-1.0250327587 0.0000024232
-1.0254890919 0.0000015212
-1.0263448954 0.0000009021
-1.0313125849 0.0000009664
-1.0308896303 0.0000010440
-1.0273830891 0.0000016918
-1.0280750990 0.0000000287
-1.0322796106 0.0000035957
-1.0341087580 0.0000024932
-1.0344945192 0.0000006224
-1.0338141918 0.0000013134
-1.0361847878 0.0000020181
-1.0366544724 0.0000003471
-1.0389021635 0.0000041374
-1.0415257215 0.0000017551
-1.0407959223 0.0000002073
-1.0421953201 0.0000004327
-1.0383212566 0.0000000028
-1.0435476303 0.0000007298
-1.0446630716 0.0000029025
-1.0452990532 0.0000000941
-1.0463153124 0.0000011330
-1.0468957424 0.0000006276
1.0274590254 0.0000007719
-1.0483695269 0.0000000001
1.0292069912 0.0000005211
1.0310052633 0.0000005482
1.0319794416 0.0000002395
1.0327248573 0.0000018412
1.0340476036 0.0000000016
1.0354501009 0.0000000097
1.0364913940 0.0000000095
1.0388835669 0.0000083622
1.0402479172 0.0000000356
1.0421720743 0.0000000263
1.0433833599 0.0000000530
-1.0042277575 0.0000052294
-1.0052465200 0.0000016957
-1.0046311617 0.0000003020
-1.0060770512 0.0000029164
-1.0067111254 0.0000033509
-1.0084955692 0.0000006909
-1.0098135471 0.0000001034
-1.0100760460 0.0000080403
-1.0164200068 0.0000036799
-1.0157357454 0.0000020948
-1.0141892433 0.0000010658
-1.0149071217 0.0000013376
-1.0119076967 0.0000000827
-1.0169628859 0.0000003954
-1.0181652308 0.0000000086
-1.0209830999 0.0000002935
-1.0203167200 0.0000003592
-1.0229145288 0.0000021150
-1.0206134319 0.0000063249
-1.0109378099 0.0000000315
-1.0125987530 0.0000005023
-1.0132393837 0.0000003976
-1.0221253633 0.0000000041
-1.0238138437 0.0000000016
0.9989196062 0.0000035743
0.9998010993 0.0000013465
1.0013029575 0.0000002063
1.0016803741 0.0000001868
1.0024101734 0.0000000649
1.0038335323 0.0000002673
1.0054458380 0.0000010240
1.0050104856 0.0000029724
1.0046578646 0.0000000011
1.0073647499 0.0000032563
1.0077676773 0.0000000941
1.0086636543 0.0000000051
1.0097348690 0.0000002217
1.0132350922 0.0000009528
1.0134843588 0.0000000074
1.0148589611 0.0000001273
1.0162708759 0.0000001707
1.0214560032 0.0000004858
1.0221276283 0.0000000247
1.0119153261 0.0000004535
1.0120781660 0.0000008880
1.0127093792 0.0000016953
1.0202108622 0.0000036553
1.0187776089 0.0000077815
1.0197563171 0.0000012870
1.0173919201 0.0000010883
1.0176564455 0.0000002926
1.0113008022 0.0000000220
-0.9793443680 0.0000056017
-0.9807071686 0.0000047980
-0.9822283983 0.0000077177
-0.9833784699 0.0000039396
-0.9845111966 0.0000057453
-0.9839420915 0.0000001792
-0.9851832986 0.0000014404
-1.0026918650 0.0000000295
-1.0022281408 0.0000052068
-1.0009633303 0.0000000794
-0.9871644378 0.0000002196
-0.9876214266 0.0000025557
-0.9859764576 0.0000000285
-0.9902763963 0.0000000224
-0.9910339117 0.0000009051
-0.9924160838 0.0000003326
-0.9970580339 0.0000015163
-0.9956293106 0.0000045383
-0.9957797527 0.0000009207
-0.9883188605 0.0000003709
-0.9887765646 0.0000001113
-0.9935907722 0.0000041718
-0.9934767485 0.0000013905
-0.9995072484 0.0000000236
-0.9988389611 0.0000004258
-0.9978057146 0.0000011649
-0.9985036254 0.0000004641
0.9760679007 0.0000011496
0.9767836332 0.0000033314
0.9774394631 0.0000003029
0.9793688059 0.0000062952
0.9800913334 0.0000013652
0.9806630611 0.0000022668
0.9814211130 0.0000001290
0.9828984141 0.0000005361
0.9840176702 0.0000074845
0.9858809710 0.0000032688
0.9866120219 0.0000003635
0.9877049327 0.0000001135
0.9886342287 0.0000017116
0.9897612929 0.0000030511
0.9917006493 0.0000076205
0.9920536876 0.0000066412
0.9944879413 0.0000076986
0.9960142374 0.0000009359
0.9847437143 0.0000000556
0.9849609733 0.0000008859
0.9857938290 0.0000004342
0.9891672730 0.0000000084
0.9925729632 0.0000010747
0.9941272736 0.0000006685
0.9945877194 0.0000012360
0.9984027147 0.0000002976
0.9977403283 0.0000000317
0.9969426990 0.0000001549
-0.9772724509 0.0000008562
-0.9787381887 0.0000024494
-0.9783374667 0.0000000017
-0.9816340804 0.0000000006
-0.9763183594 0.0000001018
-0.9755729437 0.0000004272
-0.9754717946 0.0000004124
-0.9742031097 0.0000014569
-0.9745312333 0.0000000095
-0.9728968143 0.0000003561
-0.9709596038 0.0000006101
-0.9719668031 0.0000002292
-0.9722830057 0.0000005404
-0.9646695256 0.0000004484
-0.9693393111 0.0000004661
-0.9660043716 0.0000014684
-0.9670522213 0.0000002958
-0.9688510895 0.0000008021
-0.9687045217 0.0000005739
-0.9682811499 0.0000014655
-0.9658051133 0.0000000613
-0.9519932270 0.0000019665
-0.9527759552 0.0000061626
-0.9633646011 0.0000001433
-0.9625657201 0.0000040377
0.9754234552 0.0000001572
0.9757528901 0.0000003722
-0.9619055390 0.0000000250
0.9711201787 0.0000005964
0.9717702866 0.0000028382
0.9725447297 0.0000009013
0.9729118943 0.0000003317
0.9742412567 0.0000001938
-0.9540694356 0.0000027340
-0.9611194730 0.0000029304
-0.9553931952 0.0000002797
-0.9602397084 0.0000042032
-0.9589722753 0.0000023617
-0.9580938816 0.0000027737
-0.9573222399 0.0000005487
-0.9567372799 0.0000002260
0.9697597027 0.0000015636
0.9694802761 0.0000005446
0.9680129290 0.0000119406
0.9676926732 0.0000032972
0.9666706920 0.0000012194
0.9657472372 0.0000008982
0.9640088677 0.0000009732
0.9646028280 0.0000031558
0.9655249119 0.0000004783
-0.9559472799 0.0000017407
-0.9594599009 0.0000002981
-0.9598428607 0.0000003911
0.9441877007 0.0000060044
0.9452265501 0.0000015493
0.9455900788 0.0000064873
0.9463245869 0.0000020136
0.9469890594 0.0000028801
0.9631557465 0.0000002069
0.9627745152 0.0000017466
0.9596862197 0.0000043017
0.9613235593 0.0000008466
0.9592996836 0.0000023055
0.9604861140 0.0000039448
0.9575503469 0.0000019702
0.9483569264 0.0000003218
0.9488586187 0.0000004751
0.9528926611 0.0000006623
0.9502536654 0.0000019965
0.9508304000 0.0000027589
0.9516106248 0.0000017567
0.9546990991 0.0000000848
0.9551869035 0.0000048352
0.9556826949 0.0000003675
0.9563719034 0.0000023102
0.8122522235 0.0000030559
0.8135248423 0.0000017895
0.8153948784 0.0000003917
0.9393471479 0.0000055619
0.9402679205 0.0000009886
0.9429788589 0.0000018860
0.9384786487 0.0000046336
0.9373270869 0.0000024990
0.9379975796 0.0000047215
0.9421420097 0.0000000176
0.9364379644 0.0000021484
-0.9543534517 0.0000004703
-0.8300922513 0.0000041577
0.9349285960 0.0000033087
0.9342435002 0.0000009290
-0.9484891891 0.0000012994
-0.9507893324 0.0000018160
-0.8352273107 0.0000022662
0.8875224590 0.0000115608
0.8883238435 0.0000025360
0.8901434541 0.0000004478
0.9324485064 0.0000022287
-0.9454102516 0.0000036547
-0.9481742978 0.0000000230
-0.9466422200 0.0000006094
-0.9468914270 0.0000001764
0.8911124468 0.0000040668
-0.9427851439 0.0000003862
-0.9434570074 0.0000114638
-0.9446186423 0.0000006047
-0.9500289559 0.0000002995
-0.9499218464 0.0000000602
-0.9423286319 0.0000001766
0.8959685564 0.0000056843
0.8964192867 0.0000032069
0.8981120586 0.0000060868
0.8999029994 0.0000012644
0.9309424162 0.0000019704
0.9300400019 0.0000034721
0.9292865992 0.0000005444
0.9284833670 0.0000065112
0.9268417954 0.0000046843
0.9260191917 0.0000005468
-0.9415898919 0.0000017014
0.9010984898 0.0000038047
-0.9403309822 0.0000034324
-0.9389105439 0.0000024897
0.9021090269 0.0000010199
0.9039615393 0.0000042445
0.9245413542 0.0000002107
0.9237632751 0.0000022057
0.9052025676 0.0000020701
0.9215117693 0.0000010964
0.9230909944 0.0000004128
-0.8803889155 0.0000020603
-0.9386020303 0.0000004538
-0.9372875094 0.0000002318
-0.9368706942 0.0000159901
-0.9365972281 0.0000048926
-0.9348887801 0.0000088565
-0.9351888895 0.0000035498
0.9174206257 0.0000040761
0.9084728360 0.0000042804
0.9102245569 0.0000015280
0.9061695933 0.0000020136
0.9073359370 0.0000010571
0.9136600494 0.0000017938
0.9118965864 0.0000032029
-0.8897545934 0.0000027341
-0.8892374635 0.0000058660
-0.8877388835 0.0000007889
-0.8853977323 0.0000025724
-0.9339512587 0.0000016319
-0.9324511886 0.0000010062
-0.9300815463 0.0000103739
-0.9296395779 0.0000029430
0.9193405509 0.0000064907
0.9166891575 0.0000035711
0.9157769680 0.0000062755
0.9150108099 0.0000006653
-0.8864417076 0.0000008305
-0.9315322042 0.0000013085
-0.9330339432 0.0000011206
-0.9284233451 0.0000000131
0.9091733098 0.0000033726
-0.8909614086 0.0000022338
-0.9274180532 0.0000001586
-0.8914170861 0.0000010214
-0.9264166951 0.0000007861
0.9188756347 0.0000034010
-0.8929826021 0.0000019306
-0.9217348695 0.0000029498
-0.9255364537 0.0000050305
0.9201874137 0.0000030009
0.9124386311 0.0000019406
-0.8939198852 0.0000064510
-0.8950094581 0.0000130147
-0.8997830153 0.0000012173
-0.9022928476 0.0000019619
-0.9243628979 0.0000002522
-0.9232280254 0.0000033463
-0.9236252904 0.0000012473
-0.9194372296 0.0000010421
-0.9202427268 0.0000014828
-0.9199804664 0.0000014098
-0.9172813296 0.0000015001
-0.9124378562 0.0000027876
-0.8982078433 0.0000010218
-0.9006661773 0.0000014738
-0.9076174498 0.0000020804
-0.9036000967 0.0000051236
-0.9029603004 0.0000076745
-0.9064765573 0.0000016391
-0.9055980444 0.0000013011
-0.9052138925 0.0000016726
-0.8970790505 0.0000031423
-0.9178071618 0.0000010375
-0.9147010446 0.0000008217
-0.9093430042 0.0000006293
-0.9113033414 0.0000071875
-0.9135854244 0.0000004235
-0.9106079340 0.0000092670
-0.9082499743 0.0000001988
-0.9160675406 0.0000019373
0.8239480853 0.0000061814
0.8275152445 0.0000096915
0.8287400603 0.0000054111
0.8297762275 0.0000086979
0.9313818812 0.0000005419
0.9031239748 0.0000053023
0.8985089660 0.0000002342
0.8488494754 0.0000055595
0.8502097726 0.0000023733
0.8522828221 0.0000040894
0.8511040807 0.0000024562
0.8941714168 0.0000011219
0.8933447599 0.0000033400
0.8541529775 0.0000049231
0.8852300048 0.0000046277
0.8868163824 0.0000013921
0.8922655582 0.0000017896
0.8548395038 0.0000034965
-0.8317382932 0.0000020289
0.8559343815 0.0000091316
0.8786849380 0.0000087012
0.8802616596 0.0000040192
-0.8362215161 0.0000005573
0.8569900990 0.0000111915
0.8845754266 0.0000014939
0.8832668066 0.0000074371
0.8613005877 0.0000021885
0.8630871177 0.0000047249
0.8738975525 0.0000014200
0.8752964735 0.0000008528
0.8766317964 0.0000005197
0.8778892159 0.0000051722
0.8822178841 0.0000172389
0.8638647199 0.0000018160
0.8580958247 0.0000012170
0.8593257070 0.0000011356
-0.8402566314 0.0000004702
0.8671332598 0.0000023238
-0.8423084021 0.0000048581
0.8649715185 0.0000012420
0.8663038015 0.0000020003
0.8728739619 0.0000018994
-0.8442335129 0.0000013349
-0.8436417580 0.0000058097
-0.8454151154 0.0000004205
-0.8466038108 0.0000011686
-0.8477947712 0.0000016320
-0.9154671431 0.0000030122
0.8708912134 0.0000006659
0.8687481284 0.0000001861
-0.8500102162 0.0000020670
-0.8486746550 0.0000011234
-0.8512637615 0.0000004785
-0.8521157503 0.0000007758
-0.8538280129 0.0000028368
-0.8546708822 0.0000045913
-0.8554849029 0.0000098672
0.8602684140 0.0000003252
0.8816128373 0.0000011760
0.8697648048 0.0000002277
0.8720165491 0.0000005010
-0.8569844365 0.0000087577
-0.8578299284 0.0000044132
-0.8795405626 0.0000001958
-0.8816286922 0.0000005875
-0.8601617217 0.0000020874
-0.8842588067 0.0000131580
-0.8621066213 0.0000029576
-0.8631459475 0.0000020242
-0.8641360402 0.0000099907
-0.8649919629 0.0000054041
-0.8659716249 0.0000056776
-0.8775868416 0.0000026284
-0.8769181371 0.0000018209
-0.8749948144 0.0000076856
-0.8760132790 0.0000003185
-0.8736772537 0.0000039344
-0.8730841279 0.0000015759
-0.8681285977 0.0000008975
-0.8673945665 0.0000025277
-0.8707645535 0.0000042668
-0.8835918903 0.0000031601
-0.8966358900 0.0000041845
-0.8587023616 0.0000008838
-0.8699954748 0.0000009005
-0.8613889217 0.0000019541
-0.8955872655 0.0000060440
-0.8711684942 0.0000006252
-0.8827685714 0.0000002650
-0.8326323628 0.0000021944
0.8175711036 0.0000034450
-0.8372766972 0.0000022139
-0.8382709026 0.0000068553
-0.8414136767 0.0000006258
0.8226506114 0.0000035960
0.8313407302 0.0000028465
0.8471181393 0.0000075733
0.8473476171 0.0000025347
0.8331756592 0.0000047058
0.8456703424 0.0000026901
0.8347066641 0.0000002804
0.8433269858 0.0000007425
0.8427637219 0.0000030605
0.8361527920 0.0000084015
0.8415692449 0.0000084462
0.8381371498 0.0000054367
0.8370951414 0.0000014666
0.8395302296 0.0000029151
0.8405341506 0.0000025791
-0.8145288229 0.0000035171
0.8166242242 0.0000023531
-0.8156980872 0.0000014125
-0.8165855408 0.0000026713
0.8217748404 0.0000063626
-0.8176860809 0.0000006726
0.8198530078 0.0000007482
0.8189640641 0.0000057165
-0.8195275068 0.0000023799
0.8245725632 0.0000007466
-0.8246098161 0.0000058932
-0.8261144757 0.0000076639
-0.8272967339 0.0000015306
0.8266389370 0.0000024628
-0.8206530213 0.0000010376
-0.8236979246 0.0000028629
-0.8282189369 0.0000102147
-0.8292511702 0.0000046143
-0.8218066692 0.0000071374
-0.8224138021 0.0000028551
-0.8343830109 0.0000025082
0.8320340514 0.0000028172
0.6842233539 0.0000100339
-0.7913723588 0.0000109333
-0.7941657901 0.0000036180
-0.7951471806 0.0000022989
-0.7961227298 0.0000054031
-0.7971869111 0.0000018456
-0.7995624542 0.0000107920
-0.7988290787 0.0000061570
-0.8011737466 0.0000026666
-0.8019045591 0.0000016849
0.7831349373 0.0000028437
0.7854709029 0.0000135872
0.7873861194 0.0000077902
0.7865339518 0.0000079536
0.7887081504 0.0000047406
0.7910815477 0.0000030647
-0.8050795794 0.0000044302
-0.8074876070 0.0000027451
-0.8108233213 0.0000062195
-0.8122170568 0.0000071588
-0.8135473728 0.0000005062
0.7929058671 0.0000021350
-0.8080915809 0.0000037182
-0.8042750359 0.0000010377
0.7938143015 0.0000145121
0.7963193059 0.0000016914
0.7948845029 0.0000040937
0.8008106947 0.0000060085
0.7973427773 0.0000014579
0.7998341322 0.0000036697
0.8039121032 0.0000037115
0.8033651114 0.0000015929
-0.8094308972 0.0000002388
0.7900845408 0.0000042055
0.7989295125 0.0000006542
0.8063625097 0.0000012112
0.8086798191 0.0000014127
0.8098375201 0.0000069302
0.8109964728 0.0000014198
0.8049257994 0.0000033329
-0.8061052561 0.0000036274
0.8076451421 0.0000050400
-0.7576061487 0.0000012588
-0.7595525384 0.0000091289
-0.7608364820 0.0000028090
-0.7623414397 0.0000047608
-0.7632048726 0.0000040291
-0.7645772696 0.0000078334
-0.7656065226 0.0000009303
-0.7670963407 0.0000032558
0.7514615655 0.0000099868
0.7530451417 0.0000035671
0.7540413141 0.0000028816
0.7553578615 0.0000070002
0.7567642927 0.0000039792
0.7617037892 0.0000129575
0.7607846260 0.0000058006
0.7632982135 0.0000183125
0.7642675638 0.0000145411
0.7659468651 0.0000025285
0.7697549462 0.0000088035
0.7686989903 0.0000024814
0.7670891285 0.0000004529
-0.7706086636 0.0000177392
-0.7719490528 0.0000037571
-0.7894030213 0.0000054800
-0.7904249430 0.0000020851
-0.7881592512 0.0000006554
-0.7868191004 0.0000010525
-0.7741465569 0.0000116755
-0.7756446004 0.0000037185
-0.7838291526 0.0000033968
0.7582100034 0.0000032610
0.7595422268 0.0000036622
0.7753151059 0.0000046558
0.7759993076 0.0000072911
0.7814905643 0.0000017933
-0.7804544568 0.0000058138
-0.7695268989 0.0000027021
-0.7735530138 0.0000095671
-0.7818684578 0.0000034028
-0.7793349028 0.0000029346
0.7781721354 0.0000016139
0.7734379768 0.0000008810
0.7722274065 0.0000025342
-0.7924262285 0.0000044347
-0.7783575654 0.0000028332
-0.7850088477 0.0000018278
-0.7825856805 0.0000152614
-0.7766646743 0.0000037618
0.7840882540 0.0000079937
0.7773661017 0.0000025442
0.7801798582 0.0000028890
-0.7684823871 0.0000011082
0.7711266875 0.0000045859
0.6951353550 0.0000032230
0.6966531873 0.0000085344
0.6977812052 0.0000137620
-0.6869708300 0.0000163405
-0.6880139709 0.0000098424
0.7004750371 0.0000095096
0.6995541453 0.0000026139
0.7023750544 0.0000024580
0.7036421895 0.0000068500
0.7503314614 0.0000023146
-0.6905882955 0.0000052191
-0.6934923530 0.0000149169
-0.6954408884 0.0000104039
-0.7508499622 0.0000067957
-0.7533755898 0.0000076444
-0.7544763684 0.0000138795
-0.7567543387 0.0000095351
0.7051773071 0.0000059425
0.7074702382 0.0000032776
0.7088110447 0.0000015844
0.7478256226 0.0000022043
0.7490234375 0.0000017404
0.7447960377 0.0000044794
0.7463036776 0.0000028280
0.7435088754 0.0000078953
0.7423855066 0.0000048207
-0.7518765330 0.0000011439
-0.7552946210 0.0000118928
0.7406871915 0.0000066120
0.7114664316 0.0000073614
0.7102866769 0.0000021831
0.7132821083 0.0000037694
0.7159267664 0.0000043477
0.7148346901 0.0000069501
-0.6961572170 0.0000089397
-0.7494103312 0.0000023099
0.7195727825 0.0000026256
-0.6977561712 0.0000027046
-0.6988387704 0.0000175977
-0.7476937175 0.0000019962
-0.7444415092 0.0000091259
0.7396960855 0.0000037318
0.7181631327 0.0000063026
0.7208223343 0.0000016934
0.7337594032 0.0000044484
0.7289938331 0.0000037608
0.7303544879 0.0000061003
0.7317006588 0.0000009938
-0.7405607104 0.0000088955
-0.7430180907 0.0000055234
-0.7419352531 0.0000033157
-0.7454633117 0.0000109440
-0.7467703819 0.0000039325
-0.7391186357 0.0000036805
0.7384963036 0.0000090812
0.7349959016 0.0000056653
0.7254891396 0.0000042921
0.7265323997 0.0000101971
0.7278066874 0.0000028422
-0.6998790503 0.0000020340
0.7169572711 0.0000093001
0.7370462418 0.0000028873
-0.7015621662 0.0000081301
-0.7029573917 0.0000047935
-0.7379127145 0.0000027375
-0.7341409326 0.0000036410
-0.7326784730 0.0000028371
-0.7310920358 0.0000085588
-0.7301226854 0.0000063774
-0.7293666005 0.0000064554
0.7239222527 0.0000012188
-0.7068002224 0.0000082965
-0.7136381865 0.0000070757
-0.7093763351 0.0000048089
-0.7147392035 0.0000170153
-0.7120262384 0.0000034629
-0.7109699249 0.0000074769
-0.7199436426 0.0000129549
-0.7271700501 0.0000089762
-0.7239324450 0.0000109706
-0.7213385701 0.0000056433
-0.7221649289 0.0000114416
-0.7263565063 0.0000083794
-0.7252872586 0.0000044810
-0.7186009884 0.0000042791
0.7221649885 0.0000027451
0.7356885076 0.0000082955
-0.7042707205 0.0000025613
-0.7053046227 0.0000070364
-0.7085996270 0.0000046341
-0.7366333008 0.0000033936
-0.7354644537 0.0000055417
-0.7173172832 0.0000105386
-0.7157077193 0.0000063011
0.6856926084 0.0000017978
0.6874145865 0.0000048974
0.6885306239 0.0000070742
-0.6841332912 0.0000014057
-0.6856022477 0.0000033156
0.6897442341 0.0000115427
0.6910808682 0.0000090372
0.6924263835 0.0000059758
-0.6923465729 0.0000077932
-0.6894437075 0.0000032003
0.6938307881 0.0000187848
0.7058926821 0.0000062728
-0.6515114307 0.0000138039
-0.6528353095 0.0000079144
-0.6542351842 0.0000041252
-0.6558139920 0.0000019171
-0.6575067639 0.0000107971
-0.6586239338 0.0000220648
-0.6599611640 0.0000092796
-0.6628546119 0.0000057823
-0.6639032364 0.0000069505
-0.6654615998 0.0000042589
-0.6668975353 0.0000116260
-0.6682511568 0.0000202610
-0.6789574623 0.0000080636
-0.6813083887 0.0000082453
-0.6804014444 0.0000346639
-0.6779301167 0.0000030905
-0.6695440412 0.0000176477
-0.6707481146 0.0000083122
-0.6758845448 0.0000054265
-0.6826099753 0.0000032831
-0.6720325947 0.0000052897
-0.6747732759 0.0000025752
0.6284804940 0.0000105044
0.6296369433 0.0000141402
0.6311104298 0.0000046616
0.6326235533 0.0000156792
0.6824815869 0.0000047557
0.6369357109 0.0000095349
0.6380439401 0.0000154214
0.6397073865 0.0000071330
0.6411597133 0.0000148129
0.6816753149 0.0000018431
0.6798517704 0.0000033844
0.6783339977 0.0000107345
0.6424536705 0.0000076027
0.6455386281 0.0000196339
0.6441154480 0.0000097309
0.6468285322 0.0000090072
0.6773225069 0.0000094548
0.6760910749 0.0000039410
0.6478989720 0.0000055491
0.6742843986 0.0000107098
0.6734774709 0.0000159594
0.6509826183 0.0000086687
0.6523257494 0.0000129873
0.6535722613 0.0000121817
0.6547139883 0.0000055979
0.6568017006 0.0000077127
0.6578423381 0.0000139308
0.6692131758 0.0000059905
0.6674950719 0.0000057581
0.6662855744 0.0000068313
0.6620969772 0.0000044028
0.6638836861 0.0000114914
0.6647815108 0.0000047670
0.6606531739 0.0000084852
0.6701608300 0.0000052871
0.6718820333 0.0000022565
0.6589668393 0.0000067835
-0.5543332696 0.0000092948
0.5663430095 0.0000223600
-0.5659943819 0.0000105311
0.5748916268 0.0000123695
-0.6735129356 0.0000062665
0.5793055296 0.0000055918
0.5777786374 0.0000114272
0.5809649825 0.0000099013
0.5821827650 0.0000159918
-0.5702139139 0.0000075062
-0.5717800260 0.0000073172
-0.5759057403 0.0000097604
-0.6610627770 0.0000055783
0.5833556652 0.0000165223
0.5853499770 0.0000096179
0.6499094367 0.0000105016
-0.6424108744 0.0000113917
-0.6450855732 0.0000120538
-0.6460908651 0.0000109109
-0.6477599144 0.0000144344
-0.6489757299 0.0000197531
-0.6504698396 0.0000102581
0.6337329745 0.0000065332
0.6170210838 0.0000107970
0.6184374690 0.0000216081
0.6196922064 0.0000083755
0.6209694147 0.0000112094
0.6239337921 0.0000048164
0.6267978549 0.0000057504
0.6250834465 0.0000082548
-0.5773420334 0.0000113678
-0.6405688524 0.0000076412
-0.6392514706 0.0000061760
-0.6435779929 0.0000150211
0.6153834462 0.0000099429
0.5893973708 0.0000099492
0.6144390702 0.0000158871
0.6127067208 0.0000102264
-0.6282203794 0.0000117766
-0.6298590302 0.0000085827
-0.6310654879 0.0000108992
-0.6323034167 0.0000092444
-0.6339390874 0.0000073933
-0.6349812150 0.0000042470
-0.6366374493 0.0000074090
-0.6379185915 0.0000059770
0.5905806422 0.0000189683
0.6352803111 0.0000058740
0.6110468507 0.0000047854
-0.5789883137 0.0000199094
-0.6269906163 0.0000070380
0.6223042011 0.0000176678
0.5923544765 0.0000102559
-0.5815584064 0.0000086345
-0.6201728582 0.0000124813
-0.6212230325 0.0000107959
0.6096389294 0.0000048842
0.5938299298 0.0000033690
0.6011094451 0.0000071892
0.5951130390 0.0000101291
0.5994610786 0.0000123720
-0.5862093568 0.0000076821
-0.5829635859 0.0000148581
-0.5844367743 0.0000132559
-0.6170669794 0.0000098755
-0.6185601354 0.0000055183
-0.6238540411 0.0000161129
-0.6227279902 0.0000085979
-0.5876015425 0.0000166017
0.6038785577 0.0000053489
0.5980996490 0.0000084489
-0.6156192422 0.0000149349
-0.6253727674 0.0000024955
0.6078693271 0.0000129845
0.6065968871 0.0000092393
0.5965815783 0.0000158334
0.6052896976 0.0000169029
-0.6143648028 0.0000155600
-0.6126200557 0.0000122291
-0.5903351903 0.0000162467
-0.5887865424 0.0000076002
-0.5930362940 0.0000129704
-0.5985624194 0.0000269668
-0.5974106789 0.0000207791
-0.5962302089 0.0000153335
-0.5949074626 0.0000234470
-0.5917316675 0.0000092949
-0.6111698151 0.0000078481
-0.6101483703 0.0000070402
-0.6087212563 0.0000071199
-0.6069911718 0.0000099682
-0.6001837254 0.0000086239
-0.6016737819 0.0000084976
-0.6059891582 0.0000077572
-0.6034409404 0.0000110337
-0.6043213010 0.0000198654
-0.5528628826 0.0000099105
-0.5559679270 0.0000124076
-0.5672463179 0.0000096088
-0.5685561895 0.0000263067
-0.5730566382 0.0000095014
0.5511788726 0.0000076983
0.5528151393 0.0000117398
0.5544821620 0.0000098557
0.5557418466 0.0000138197
0.5572889447 0.0000126000
0.5647622943 0.0000109391
0.5634360909 0.0000124782
0.5675367713 0.0000128939
0.5689830184 0.0000175357
0.5705308318 0.0000109074
0.5600944757 0.0000081537
0.5617949963 0.0000154937
0.5733923912 0.0000102113
-0.5803373456 0.0000155909
-0.5745845437 0.0000140709
0.5760008693 0.0000114001
0.5720824003 0.0000101746
0.6025474668 0.0000132438
0.5878785849 0.0000151524
0.5867611766 0.0000241508
0.5080952644 0.0000273139
0.5097093582 0.0000215946
0.5107954144 0.0000243746
0.5141023993 0.0000161495
0.5124466419 0.0000194717
0.5151363611 0.0000148357
-0.5107116699 0.0000094895
-0.5642254949 0.0000149096
-0.5511608124 0.0000204394
-0.5499984622 0.0000156918
0.5171630979 0.0000093268
0.5495800376 0.0000095933
0.5483632684 0.0000188462
-0.5121088028 0.0000132204
-0.5133162141 0.0000190940
-0.5442886949 0.0000241744
-0.5468838215 0.0000232513
-0.5572074652 0.0000152758
0.5231652260 0.0000129219
0.5395064354 0.0000134187
0.5408948064 0.0000113817
-0.5150048137 0.0000119362
-0.5629702210 0.0000143965
-0.5427594185 0.0000149049
-0.5454297066 0.0000274202
-0.5484887362 0.0000114140
0.5213769078 0.0000285669
0.5244535208 0.0000208177
0.5378651619 0.0000110991
0.5437296033 0.0000149507
0.5424494147 0.0000119465
-0.5414397717 0.0000099001
-0.5396856666 0.0000086394
0.5349654555 0.0000140053
0.5333125591 0.0000170525
0.5468579531 0.0000148316
-0.5208535194 0.0000202617
-0.5196152329 0.0000212659
-0.5586810112 0.0000090195
0.5186960101 0.0000167235
-0.5617960691 0.0000085951
-0.5383255482 0.0000174560
-0.5220652223 0.0000222251
-0.5162308812 0.0000167729
0.5275106430 0.0000103551
0.5319452286 0.0000251888
0.5289645791 0.0000160318
-0.5600715876 0.0000096441
-0.5178616643 0.0000111004
-0.5369808674 0.0000145383
-0.5265945792 0.0000198479
-0.5281203985 0.0000114284
-0.5295795202 0.0000070253
-0.5250455141 0.0000160728
-0.5236983895 0.0000195549
-0.5313715339 0.0000146556
-0.5324192643 0.0000079821
0.5200541019 0.0000111962
0.5303393006 0.0000095970
0.5365781188 0.0000113065
0.5586284995 0.0000136552
0.5455425978 0.0000353531
0.5259708762 0.0000102451
-0.5356428027 0.0000154767
-0.5341680646 0.0000062859
0.4336127937 0.0000238009
0.4351871312 0.0000187748
0.4363576174 0.0000320265
0.5047732592 0.0000214892
0.5004054904 0.0000395261
-0.4326378405 0.0000088158
0.4380072355 0.0000419961
0.5066881180 0.0000128367
0.5019885302 0.0000252769
0.4994008541 0.0000231079
-0.4357546270 0.0000324060
-0.5090740919 0.0000118757
0.4394927621 0.0000325485
0.4412370920 0.0000134490
0.5034596324 0.0000133350
0.4975246787 0.0000126386
0.4958592653 0.0000166723
0.4944216609 0.0000233946
0.4930407107 0.0000171099
-0.4370142519 0.0000398111
-0.5060523748 0.0000092053
0.4426998794 0.0000356842
0.4441325068 0.0000334043
-0.5017982721 0.0000196498
-0.5029436946 0.0000146448
-0.5045588613 0.0000109261
-0.4383877516 0.0000170200
0.4457715154 0.0000283032
0.4869776666 0.0000328663
0.4884528518 0.0000308459
0.4897477329 0.0000203252
-0.4401479959 0.0000233608
-0.5001487732 0.0000076699
0.4473364055 0.0000238182
0.4855600893 0.0000132462
-0.5075238943 0.0000104131
-0.4416331351 0.0000247938
-0.4431241453 0.0000219670
0.4839003384 0.0000178426
0.4913867116 0.0000183814
-0.4448975921 0.0000281908
-0.4461906552 0.0000383031
-0.4984550476 0.0000071345
-0.4972757995 0.0000189931
-0.4955138564 0.0000060964
-0.4942499697 0.0000254130
0.4821802676 0.0000142064
0.4487619698 0.0000147246
0.4563940763 0.0000275057
0.4503038824 0.0000259415
0.4550180137 0.0000213581
0.4520540833 0.0000228583
0.4535628557 0.0000359325
-0.4926968515 0.0000103893
0.4688297212 0.0000456898
-0.4474899769 0.0000134857
-0.4910914302 0.0000265909
0.4717081189 0.0000177175
0.4701400399 0.0000236599
0.4732111096 0.0000161165
-0.4863139391 0.0000152598
-0.4628160894 0.0000305364
-0.4657510221 0.0000248049
0.4808602631 0.0000279292
0.4575623274 0.0000250207
0.4622830153 0.0000167054
0.4674312472 0.0000182077
-0.4495355487 0.0000204543
-0.4507394433 0.0000205875
-0.4896692038 0.0000208585
-0.4885118008 0.0000196220
-0.4849744737 0.0000300608
-0.4836959541 0.0000229829
-0.4523485005 0.0000307167
-0.4613027275 0.0000253849
-0.4641416967 0.0000224349
-0.4671285450 0.0000156701
-0.4733605683 0.0000172103
-0.4688646197 0.0000349056
0.4656969905 0.0000154493
-0.4717028737 0.0000182469
-0.4822369516 0.0000241339
0.4748406410 0.0000172956
0.4640500247 0.0000115101
-0.4776562452 0.0000303539
-0.4541240036 0.0000370353
-0.4581325650 0.0000232492
0.4596129358 0.0000137424
-0.4565609992 0.0000352769
-0.4596610963 0.0000199750
-0.4699831605 0.0000371376
-0.4764018059 0.0000248471
-0.4792164862 0.0000462769
-0.4749296308 0.0000119210
0.4794075489 0.0000166432
0.4607946873 0.0000169936
0.4764236510 0.0000178559
0.4777134061 0.0000280443
-0.4552529752 0.0000409283
-0.4806055129 0.0000193748
-0.4125879705 0.0000301611
-0.4218866527 0.0000190385
-0.4234324992 0.0000340707
-0.4248691499 0.0000233222
-0.4262050986 0.0000178447
-0.4278533757 0.0000152738
-0.4293792844 0.0000154108
-0.4308966994 0.0000188408
0.4072282612 0.0000317767
0.4085769057 0.0000439551
0.4115405083 0.0000233568
0.4132670462 0.0000248115
0.4163369536 0.0000372110
0.4317840934 0.0000096915
0.4223416448 0.0000323388
0.4179657102 0.0000194523
0.4193765223 0.0000402794
-0.4343731701 0.0000310917
0.4257967174 0.0000206872
0.4207834899 0.0000286764
0.4270599484 0.0000202102
0.4240297377 0.0000152089
0.4300321937 0.0000211469
0.4287632108 0.0000244047
-0.4203705788 0.0000241960
-0.4112664759 0.0000337854
-0.4156862795 0.0000271818
-0.4142522216 0.0000307620
-0.4173304141 0.0000345186
-0.4096098840 0.0000315819
-0.4083383083 0.0000260580
0.4057255983 0.0000365613
0.4038448632 0.0000130245
0.3870429993 0.0000259387
0.3884177804 0.0000257824
0.3899018168 0.0000303880
0.3964271843 0.0000341774
0.3946315944 0.0000332752
0.3914967477 0.0000309434
-0.4064869583 0.0000246427
-0.4048834145 0.0000293332
0.3834196031 0.0000309922
0.3819711208 0.0000398758
0.4023542106 0.0000304396
0.4008018970 0.0000289640
0.3931678832 0.0000252923
-0.4034594893 0.0000416285
-0.4019150734 0.0000268293
-0.3818280995 0.0000331681
-0.3836485744 0.0000357539
-0.3850812912 0.0000420927
-0.3863205910 0.0000292518
-0.3881436288 0.0000366467
-0.3897607028 0.0000374259
0.3852314055 0.0000270896
0.3805115521 0.0000390587
-0.3972359300 0.0000295065
-0.3941663504 0.0000377420
-0.3957188427 0.0000483626
0.3789334893 0.0000383513
0.3977366984 0.0000477191
0.3992410004 0.0000350229
-0.3726757169 0.0000407206
-0.3805433512 0.0000359470
-0.3912329376 0.0000405138
-0.3987962604 0.0000522202
-0.3925337195 0.0000506460
0.3773682117 0.0000356006
0.3758352697 0.0000489826
-0.3786133826 0.0000386518
-0.3772828281 0.0000480586
-0.4002143443 0.0000147148
-0.3709997237 0.0000413605
0.3663762212 0.0000392619
0.3682113588 0.0000471880
0.3727768958 0.0000423421
-0.3695330322 0.0000389620
-0.3741397262 0.0000278421
-0.4185994864 0.0000254221
0.4147985578 0.0000350113
0.3743884563 0.0000334760
0.3633275628 0.0000328706
0.3648295403 0.0000400109
0.3695696890 0.0000451167
-0.3758783340 0.0000315229
-0.3665404916 0.0000389168
-0.3650147021 0.0000282174
-0.3679409027 0.0000381602
0.4102075398 0.0000307263
0.3710362315 0.0000374032
0.3616931140 0.0000335602
-0.3632773161 0.0000331363
-0.3618673682 0.0000377671
0.3571229577 0.0000454287
0.3586961329 0.0000459539
0.3600284755 0.0000447750
-0.3602695465 0.0000381248
0.3555172682 0.0000426151
-0.3584174216 0.0000393051
-0.3478125632 0.0000393405
-0.3493888378 0.0000585999
-0.3571052551 0.0000661451
-0.3557157218 0.0000273258
-0.3509421647 0.0000493679
-0.3523545861 0.0000363811
-0.3540351391 0.0000449373
0.1409727931 0.0002303344
0.1391447335 0.0002096328
0.1326785833 0.0002702631
0.1310789436 0.0003067569
0.1343228817 0.0002578656
0.1375679374 0.0002150558
0.1359262019 0.0002648364
0.1213166788 0.0003178512
0.1229697242 0.0003100384
0.1294800341 0.0002781124
0.1246682853 0.0003188298
0.1278540194 0.0003123202
0.1261505485 0.0002923593
0.1197464839 0.0002970604
0.1180533916 0.0003150728
-0.1505790651 0.0002326207
0.1164739653 0.0003345856
0.1148195937 0.0003622194
0.1131861806 0.0003715943
0.1116461679 0.0004056906
-0.1489999294 0.0002238823
-0.1473737359 0.0002200168
-0.1457480490 0.0002271654
-0.1442150772 0.0002349419
-0.1409671158 0.0001986155
-0.1426011026 0.0002287252
0.0986489281 0.0004562283
0.0970208570 0.0004575454
0.0953951851 0.0004562642
0.0937552452 0.0004151063
0.0921817347 0.0004301282
-0.1376710534 0.0002255180
-0.1392606348 0.0002022151
0.0904501528 0.0004089307
0.0856652707 0.0005315056
-0.1359328181 0.0002386659
0.0888473466 0.0004836270
0.0871825293 0.0004897756
0.0840063691 0.0005139880
0.0823650211 0.0004859531
-0.1344803423 0.0002800324
0.0758559257 0.0006765675
0.0774541721 0.0006520563
0.0790498853 0.0005957070
0.0807050765 0.0005427326
0.0742625296 0.0006691556
-0.1327868402 0.0002688008
-0.1279403418 0.0003070800
-0.1263659000 0.0003134963
0.0726403892 0.0006969713
0.0709943995 0.0006488081
-0.1247548983 0.0002935290
-0.1230850294 0.0003244076
-0.1295836717 0.0003109527
-0.1215293482 0.0003259626
0.0693627000 0.0006278949
-0.1312089115 0.0002619188
-0.1198918000 0.0003511655
-0.0988664851 0.0005186072
-0.0972632989 0.0004937907
-0.0939429551 0.0004069048
-0.0923758298 0.0004565425
-0.0907923803 0.0004723515
-0.1182307824 0.0003319355
-0.1166029423 0.0003289918
-0.1150379404 0.0003052534
-0.1005134434 0.0004537857
-0.0956946537 0.0004531858
-0.0891575366 0.0005042866
-0.0874867067 0.0004208299
-0.1020771787 0.0004808188
0.0677436143 0.0007535520
0.0660631135 0.0008210462
-0.0858571082 0.0005224991
-0.1102233827 0.0003617522
-0.1117456704 0.0004195232
-0.1053576246 0.0004670545
-0.1036875248 0.0004300525
-0.1085339785 0.0004178712
-0.1133970469 0.0003483471
0.0645014644 0.0007857124
-0.0842551664 0.0005457632
0.0596210584 0.0008815186
0.0612055287 0.0007558194
-0.0825936273 0.0005947998
-0.0810306370 0.0006470082
0.0546928644 0.0009932733
-0.0793734863 0.0006114538
0.0579525344 0.0009816275
0.0563516244 0.0008970047
0.0531346053 0.0011001871
0.0498701856 0.0009834220
0.0514986813 0.0010068929
-0.0777613297 0.0005973573
-0.0761533529 0.0006402526
0.0221952759 0.0023596431
0.0205812994 0.0026320389
0.0238183271 0.0022009967
0.0336237587 0.0015894703
0.0352159701 0.0014890966
0.0384943485 0.0013070357
0.0270716771 0.0019454689
0.0319744907 0.0017304147
0.0254719220 0.0021176527
0.0303430334 0.0017809613
0.0287197046 0.0018913969
-0.0000121142 0.6680833101
0.0401302129 0.0013330787
0.0011004530 0.0273778364
-0.0063701710 0.0072246846
-0.0047335490 0.0090330793
0.0368448943 0.0014692672
-0.0745048076 0.0006549571
-0.0014974501 0.0223037452
-0.0729403421 0.0006810589
-0.0696833432 0.0006849106
-0.0712855458 0.0007251109
-0.0193119533 0.0029399339
-0.0679978877 0.0007322015
-0.0615286380 0.0007457695
-0.0225843266 0.0022312237
-0.0404368825 0.0014164259
-0.0372211114 0.0014214271
-0.0356051102 0.0015341699
-0.0258225687 0.0021636791
-0.0290475581 0.0018341111
-0.0631827191 0.0007383921
-0.0274502672 0.0020285363
-0.0664273202 0.0007488625
-0.0242211651 0.0022310053
-0.0388279147 0.0014417154
-0.0339558423 0.0014596933
-0.0306690466 0.0017459026
-0.0566888116 0.0008986819
-0.0485510528 0.0011046835
-0.0420432985 0.0012470266
-0.0550255664 0.0009778034
-0.0518125445 0.0010070816
-0.0323152244 0.0017396801
-0.0598926656 0.0009083782
-0.0501841642 0.0009738424
-0.0534192026 0.0009818729
-0.0583083220 0.0008630479
0.3539887369 0.0000497641
-0.3461854756 0.0000445317
-0.1651667804 0.0001954255
-0.1635213047 0.0001910587
0.1472977996 0.0002298036
0.1457046419 0.0002393310
0.1440404803 0.0002572806
-0.1554321796 0.0002115655
-0.1538270563 0.0001905390
-0.1522043645 0.0002389728
0.1018898934 0.0003969665
0.1002471447 0.0004492886
0.0189632457 0.0028928118
0.0108448341 0.0045255078
-0.0096051432 0.0049335225
0.0043650889 0.0090301707
0.0027373582 0.0134058688
-0.0469230413 0.0010861495
-0.0436948463 0.0012119514
-0.0177073870 0.0030387440
-0.0079727340 0.0059753298
-0.0031128877 0.0124949738
0.3508562744 0.0000383793
0.3523823917 0.0000425573
0.3490206301 0.0000545176
0.3475041986 0.0000663934
0.3461654484 0.0000299943
0.3444992006 0.0000493822
-0.3385082781 0.0000562054
-0.3446154296 0.0000423238
-0.3414494097 0.0000418009
-0.3430973887 0.0000513323
-0.1682935506 0.0002521392
-0.1619234085 0.0001903558
0.1505434364 0.0002374157
0.1489163041 0.0002263474
0.1424932927 0.0002981813
-0.1586643904 0.0001824949
0.1099825799 0.0004012667
0.1034616083 0.0004401640
-0.0648074001 0.0007652434
0.0092362026 0.0051689772
-0.0160992518 0.0032841777
0.0141190495 0.0034650860
0.0124670789 0.0040883278
0.0076125124 0.0060721356
-0.0209533796 0.0024555074
-0.0144578367 0.0036270872
-0.0112264324 0.0042597516
0.0059993062 0.0073745381
0.3411746025 0.0000439018
0.3428535759 0.0000347633
-0.3398557305 0.0000436197
-0.3367898762 0.0000408689
-0.3336670697 0.0000422291
-0.3306662738 0.0000455564
-0.3289294839 0.0000548616
0.3224781752 0.0000466431
0.3397352397 0.0000535779
0.3382780850 0.0000350544
0.3365522921 0.0000334933
0.3347461522 0.0000405108
0.2823968530 0.0000683055
-0.3117855787 0.0000477651
-0.3070680499 0.0000472800
-0.3054497242 0.0000469130
-0.3038584292 0.0000691521
-0.3024743497 0.0000630669
-0.3007576764 0.0000418373
-0.2866750062 0.0000556673
-0.2896385789 0.0000491476
0.2104201913 0.0001413637
0.2054740191 0.0001263137
0.2039703131 0.0001425914
0.2023494989 0.0001080989
0.2007196397 0.0001192076
0.1959327459 0.0001348802
0.1974181086 0.0001301377
-0.2213804275 0.0001065986
-0.2182865590 0.0001074904
-0.2197146118 0.0001114264
-0.2133835703 0.0001189900
-0.1570308954 0.0002001637
-0.1602933854 0.0001779099
0.1083709151 0.0004044422
0.1067743599 0.0003747348
0.0628655851 0.0007697184
0.0417061336 0.0012798380
0.0466030426 0.0011184829
-0.0453040712 0.0011318282
0.0173429772 0.0030984385
0.3334451318 0.0000395366
0.3285914361 0.0000601700
0.3256856203 0.0000628479
0.3240423799 0.0000694395
0.3192204535 0.0000475432
-0.2990963459 0.0000768520
-0.2974305153 0.0000515076
-0.2960864604 0.0000668084
-0.2881866097 0.0000705478
-0.2913860381 0.0000844891
-0.2926820815 0.0000895901
0.3031372726 0.0000579326
0.2841609418 0.0000504323
0.2857848704 0.0000589190
0.2872256339 0.0000586965
0.2890989184 0.0000669491
0.2903883457 0.0000837965
-0.2116430551 0.0001100567
0.2808366418 0.0000583109
0.3064559400 0.0000530505
0.3047429025 0.0000550603
0.3000290394 0.0000522317
0.3016932607 0.0000633882
0.2983680665 0.0000527321
0.2921027839 0.0000645062
0.2938165367 0.0000656386
0.2968300581 0.0000735378
0.2954549789 0.0000638898
0.2119292915 0.0001043577
0.1990993768 0.0001210758
-0.1667158753 0.0001909078
0.1554042995 0.0002639852
0.1522031575 0.0001933842
0.1537846625 0.0002039968
0.1586031765 0.0002163495
0.1570188254 0.0002037800
-0.1069578677 0.0004071485
0.1051658913 0.0004099458
0.0482288934 0.0010464077
0.0449341014 0.0012197936
0.0433750935 0.0012255406
0.0157339368 0.0034020324
-0.0128535302 0.0040673823
-0.3260174692 0.0000614764
0.3317184746 0.0000347023
0.3269141614 0.0000724774
-0.3181140125 0.0000661505
-0.3134879470 0.0000479089
-0.3148432970 0.0000748554
-0.2690501809 0.0000920985
-0.2723848522 0.0000820536
0.3160777092 0.0000435719
-0.3087022603 0.0000696464
0.2776649594 0.0000979452
-0.2768650651 0.0000560737
-0.2832399905 0.0000687345
-0.2816625535 0.0000710736
-0.2848967016 0.0000459057
-0.2245845944 0.0001136450
-0.2166475505 0.0000864911
-0.2148339748 0.0001102001
-0.2943372428 0.0000744728
0.2136455029 0.0001115648
0.2086626440 0.0001206583
0.1878125370 0.0001689065
0.2072399557 0.0001338691
0.1602926701 0.0001868913
-0.3165231049 0.0000534244
0.3301276267 0.0000498430
0.3205539882 0.0000299570
-0.3101276159 0.0000427093
0.3175233305 0.0000632355
0.3109522462 0.0000587968
0.3141779602 0.0000494370
0.3080651760 0.0000704880
0.3128183186 0.0000421402
0.2792990208 0.0000746266
0.3096645474 0.0000614820
-0.2801284194 0.0000815261
-0.2229338735 0.0001157728
-0.2068412751 0.0001359317
-0.2612048984 0.0000686394
-0.2086428404 0.0001304081
-0.2101078480 0.0001254358
0.2184846103 0.0001176550
0.2169341147 0.0000958999
0.2152079046 0.0001164535
-0.2675962746 0.0001115888
-0.2643273771 0.0000896383
-0.2660125196 0.0000721382
-0.2706195712 0.0000816220
0.1618323028 0.0002074773
-0.2052790076 0.0001194666
0.1634862721 0.0001831014
0.1943306923 0.0001423733
-0.2628325224 0.0000733833
-0.2754131258 0.0001097421
-0.2293010652 0.0000895108
0.2587166131 0.0000571242
0.2762206495 0.0000907383
0.2633301914 0.0000871153
0.2649449408 0.0001057917
-0.2786679864 0.0000656457
-0.2276946753 0.0001278957
-0.2260737866 0.0001079261
0.2618960440 0.0000877272
0.2745353281 0.0001028709
0.2683101296 0.0000868539
0.2729411423 0.0001099949
0.2712856233 0.0000753093
0.2602025568 0.0000791143
0.1844886988 0.0001349763
0.1862006932 0.0001496526
-0.2738405466 0.0000848924
-0.1827992499 0.0001357918
-0.1844564974 0.0001395804
-0.2037203759 0.0001188538
-0.2020610571 0.0001189082
0.1893170923 0.0001542040
0.2296764553 0.0000947571
0.2217118144 0.0001065879
0.2199538946 0.0001231546
0.2233078629 0.0001530942
-0.1973582655 0.0001378520
-0.1957819164 0.0001183656
-0.1939941198 0.0001218796
0.2280978113 0.0001321269
0.2265790403 0.0001197600
-0.1988224238 0.0001440199
-0.2004388422 0.0001491851
0.2249121666 0.0001270346
0.1909657717 0.0001085658
0.1926857829 0.0001302422
-0.1875469685 0.0001582654
-0.1860769838 0.0002033688
-0.1923923790 0.0001483730
-0.1892489940 0.0001340274
-0.1908304989 0.0001625957
-0.3320719004 0.0000626001
-0.3351564705 0.0000544835
-0.3210372329 0.0000714392
-0.3242988586 0.0000477791
-0.3195867240 0.0000571738
-0.3274776340 0.0000512568
-0.3228258193 0.0000434208
0.1650594026 0.0001481274
0.1667963117 0.0001864497
-0.1699136794 0.0001781978
-0.1715241224 0.0001594977
-0.1731285751 0.0001855938
0.2698583305 0.0000929995
0.2664808631 0.0000642574
0.2554332018 0.0000712738
0.1683299839 0.0001905158
0.2570077777 0.0000684381
0.1796882451 0.0001486435
0.1813400537 0.0001860768
0.1827848852 0.0001439373
-0.2563222349 0.0000824239
-0.2548485696 0.0000535873
-0.2309190780 0.0000789885
-0.2341937125 0.0001026024
-0.1780113578 0.0001442726
-0.1812275201 0.0001389151
0.2441726923 0.0001198731
0.2361338586 0.0001090194
0.2345162332 0.0000889646
0.2537548244 0.0000805398
0.1700196564 0.0001869269
-0.2531158626 0.0000725658
-0.1796631664 0.0001513206
0.2521799207 0.0000970955
0.2457278371 0.0001053906
0.2474498153 0.0001021819
0.2489274293 0.0000973160
-0.1746778339 0.0001794721
-0.1762967557 0.0001647017
-0.2580869198 0.0000700647
-0.2325247377 0.0000800014
-0.2371781617 0.0001074134
-0.2515475750 0.0001002858
-0.2484295070 0.0000863674
-0.2420452982 0.0001047813
-0.2595377564 0.0000788278
0.1780388057 0.0001182731
0.1716078669 0.0002020504
0.1763696969 0.0001789993
0.1748473495 0.0001952441
0.2506473064 0.0001007888
0.2313540876 0.0000970399
0.2329109162 0.0001001838
0.2408865243 0.0000858942
0.2377972454 0.0001063271
0.2425749898 0.0000762750
0.2392532229 0.0001049406
-0.2357624918 0.0001331430
-0.2499713600 0.0001182252
-0.2437105775 0.0000862481
-0.2452433854 0.0001042460
-0.2469027489 0.0001036921
-0.2404901236 0.0001060439
-0.2388649136 0.0000948571
0.1732102782 0.0001840604
