257.9041748047 0.0000028824
198.4124450684 0.0000000648
153.9582366943 0.0000002289
118.3067932129 0.0000006566
82.6511840820 0.0000103998
73.1407623291 0.0000049312
55.9397811890 0.0000004816
50.2266311646 0.0000000413
47.6577186584 0.0000000858
41.9081535339 0.0000090968
37.5595474243 0.0000031483
31.8570137024 0.0000015626
27.3085727692 0.0000263108
21.1815376282 0.0000000688
19.5243148804 0.0000013526
18.0391674042 0.0000018072
16.0891723633 0.0000006853
12.6409454346 0.0000000000
11.6486473083 0.0000000547
10.0904817581 0.0000014170
9.7227888107 0.0000016338
9.4153261185 0.0000046107
8.8111505508 0.0000006228
7.2087569237 0.0000003659
6.4787378311 0.0000000284
6.1674728394 0.0000000405
5.8540740013 0.0000006816
5.5389709473 0.0000024954
5.2139797211 0.0000000093
4.6299958229 0.0000002552
4.2086687088 0.0000003706
4.1132707596 0.0000020736
3.8198473454 0.0000009645
3.4422278404 0.0000006914
3.0081486702 0.0000006614
2.9410095215 0.0000035977
2.8158330917 0.0000029411
2.8021159172 0.0000000406
2.6193823814 0.0000050218
2.5618288517 0.0000080945
2.3801913261 0.0000000155
-2.0084547997 0.0000000128
2.2422008514 0.0000000698
2.1640675068 0.0000007169
2.1146683693 0.0000001882
-1.8281724453 0.0000020421
1.9841251373 0.0000006997
-1.7646646500 0.0000259108
1.8677455187 0.0000001673
-1.7183439732 0.0000000035
1.8099849224 0.0000003332
-1.5933381319 0.0000011644
-1.5351483822 0.0000048316
1.7445130348 0.0000037472
1.7275648117 0.0000004479
1.7145417929 0.0000000104
1.6704397202 0.0000146477
1.6106373072 0.0000003896
-1.4693399668 0.0000007971
1.5421408415 0.0000045649
-1.4054170847 0.0000057626
1.5074601173 0.0000000033
-1.3699245453 0.0000001923
1.4473559856 0.0000013432
-1.3261601925 0.0000003563
1.4100878239 0.0000000213
-1.3067815304 0.0000033005
1.3805522919 0.0000011029
1.3667804003 0.0000023726
-1.2767189741 0.0000000024
1.3277801275 0.0000032068
1.3269336224 0.0000066285
-1.2547765970 0.0000000755
1.2719001770 0.0000022869
-1.2207431793 0.0000063494
-1.2082144022 0.0000028525
1.2563663721 0.0000002890
1.2309777737 0.0000006225
1.2083963156 0.0000063866
-1.1856060028 0.0000000007
-1.1682237387 0.0000037088
-1.1518470049 0.0000009098
1.1887451410 0.0000007052
1.1846195459 0.0000002284
-1.1358020306 0.0000000485
-1.1085757017 0.0000083661
-1.1019819975 0.0000018299
1.1503286362 0.0000003719
1.1372116804 0.0000011070
1.1196709871 0.0000009490
1.1027350426 0.0000003921
-1.0628699064 0.0000009997
1.0781192780 0.0000006673
1.0679737329 0.0000044301
-1.0520356894 0.0000000026
-1.0386673212 0.0000000108
-1.0202879906 0.0000011566
1.0421401262 0.0000000490
1.0350130796 0.0000005068
-1.0042753220 0.0000044532
-0.9938792586 0.0000038437
1.0212553740 0.0000000003
1.0033578873 0.0000031283
-0.9804475904 0.0000016036
-0.9754101634 0.0000010378
-0.9565289021 0.0000000783
0.9831122160 0.0000004577
-0.9350517392 0.0000023941
0.9594278336 0.0000003687
0.9512268305 0.0000002796
-0.9220831990 0.0000123613
-0.9099200368 0.0000008334
0.9330634475 0.0000000341
0.9245601892 0.0000038698
-0.8932306767 0.0000002482
-0.8827549219 0.0000028636
0.9123892188 0.0000000402
0.8961994052 0.0000106293
-0.8675553203 0.0000005625
-0.8609515429 0.0000014795
0.8849784136 0.0000000391
0.8707462549 0.0000044493
-0.8476907611 0.0000000833
-0.8410751224 0.0000000263
-0.8298738599 0.0000002614
-0.8195565939 0.0000044211
0.8608946800 0.0000013380
0.8563393354 0.0000009060
0.8516016006 0.0000008867
0.8417819142 0.0000108326
-0.8037954569 0.0000001503
0.8277931809 0.0000004701
0.8187848926 0.0000038870
0.8147011995 0.0000004947
0.8044801354 0.0000007292
-0.7938170433 0.0000000965
-0.7876078486 0.0000006897
-0.7793580890 0.0000029558
-0.7736055255 0.0000007062
-0.7683466673 0.0000000021
0.7849025130 0.0000085366
0.7837658525 0.0000002721
-0.7487917542 0.0000013647
0.7732304335 0.0000006593
0.7700273991 0.0000002183
0.7673917413 0.0000001615
-0.7410234213 0.0000000004
-0.7295036316 0.0000011434
0.7472896576 0.0000000307
0.7396078706 0.0000001747
-0.7217105031 0.0000031454
-0.7160060406 0.0000016233
-0.7103834152 0.0000000703
0.7299886942 0.0000008441
0.7246760726 0.0000000122
-0.6932256818 0.0000062940
0.7045227289 0.0000001033
-0.6845131516 0.0000011521
-0.6782329082 0.0000073811
-0.6702138782 0.0000053775
0.6910396218 0.0000000200
0.6857107878 0.0000053233
-0.6615561843 0.0000008601
0.6784520745 0.0000048507
0.6736409664 0.0000000565
0.6669908762 0.0000008943
0.6662281752 0.0000041792
0.6614542603 0.0000030200
-0.6505122185 0.0000014149
-0.6477556825 0.0000029268
-0.6422628164 0.0000033962
0.6533797383 0.0000000601
0.6425975561 0.0000005750
-0.6300497055 0.0000210249
-0.6259826422 0.0000090629
-0.6205741167 0.0000012403
0.6342383027 0.0000011053
0.6286283135 0.0000078630
0.6263303757 0.0000004701
-0.6107854247 0.0000000202
-0.6041631699 0.0000006297
0.6182095408 0.0000000239
0.6115829945 0.0000000949
0.6062287092 0.0000040070
-0.5962552428 0.0000005547
-0.5945054293 0.0000039660
-0.5886690617 0.0000012042
0.5981273651 0.0000005270
-0.5826804042 0.0000001620
-0.5780847073 0.0000010195
-0.5750446320 0.0000012219
0.5927847028 0.0000013072
0.5887014866 0.0000067114
0.5850287676 0.0000005756
-0.5704637170 0.0000004016
-0.5696636438 0.0000001627
-0.5552133322 0.0000054306
0.5777432323 0.0000007044
0.5735509992 0.0000018312
0.5691260695 0.0000040577
0.5660520196 0.0000033089
0.5599471331 0.0000003688
0.5560452938 0.0000006206
-0.5500312448 0.0000000822
-0.5484293103 0.0000045254
-0.5429455042 0.0000017461
-0.5368093252 0.0000008979
0.5495176315 0.0000010814
0.5480398536 0.0000041743
0.5437844992 0.0000008672
0.5399580002 0.0000010838
0.5362630486 0.0000039108
-0.5321796536 0.0000000787
-0.5278906822 0.0000015685
-0.5267527699 0.0000019965
-0.5207268596 0.0000006888
0.5309578180 0.0000019935
0.5292458534 0.0000021532
-0.5173855424 0.0000054134
-0.5127068162 0.0000063334
-0.5109077692 0.0000000244
-0.5040471554 0.0000054876
0.5253344774 0.0000010852
0.5214473009 0.0000048663
0.5152748227 0.0000005701
0.5127916336 0.0000001038
-0.5011742115 0.0000000040
-0.4982605875 0.0000008014
-0.4940527976 0.0000073589
0.5090277195 0.0000011324
0.5060303807 0.0000009425
0.5014250278 0.0000002747
0.4980508387 0.0000047482
0.4941443801 0.0000024972
0.4926114976 0.0000005339
0.4883782566 0.0000024157
-0.4868947864 0.0000026164
-0.4874412119 0.0000005353
-0.4819250107 0.0000006927
-0.4774334431 0.0000027868
-0.4760980010 0.0000003726
0.4852449298 0.0000000026
0.4793992937 0.0000024205
0.4773525596 0.0000005478
0.4738083780 0.0000000224
-0.4733284712 0.0000050602
-0.4724567831 0.0000048045
-0.4670984745 0.0000033109
-0.4656709731 0.0000043987
-0.4564273059 0.0000020441
-0.4548889995 0.0000006132
0.4672264159 0.0000203361
0.4673690796 0.0000018121
0.4615449309 0.0000097258
-0.4514032900 0.0000080837
-0.4498534501 0.0000016858
0.4587834179 0.0000027070
0.4544231594 0.0000055585
0.4549652934 0.0000001116
0.4513382912 0.0000043305
0.4490339756 0.0000002252
0.4477241337 0.0000002019
-0.4435082078 0.0000015801
-0.4401513338 0.0000014038
-0.4364432693 0.0000021908
-0.4342552722 0.0000000062
0.4390110075 0.0000036510
0.4363932908 0.0000029755
-0.4298087358 0.0000000237
0.4295678437 0.0000217167
0.4321950674 0.0000000008
-0.4248411953 0.0000050394
-0.4240691066 0.0000028197
-0.4225677550 0.0000044042
-0.4189085364 0.0000029608
-0.4191240966 0.0000006125
0.4267202020 0.0000039440
0.4240911603 0.0000021184
0.4252121747 0.0000000003
-0.4164708853 0.0000000091
-0.4114620686 0.0000012822
0.4204149842 0.0000013930
0.4194733799 0.0000001292
0.4161995947 0.0000012714
-0.4076242447 0.0000002581
-0.4051008224 0.0000021330
0.4127692878 0.0000077061
0.4117444158 0.0000003651
-0.4017580152 0.0000004912
-0.4011583030 0.0000029747
-0.4000609219 0.0000051379
0.4106005430 0.0000000683
0.4087300003 0.0000115898
0.4057310820 0.0000072475
0.4018950462 0.0000147087
-0.3967889547 0.0000052276
-0.3937984705 0.0000087095
0.3999102712 0.0000016203
0.3967452049 0.0000006734
-0.3899100423 0.0000163788
-0.3883977234 0.0000023750
-0.3846251369 0.0000009085
0.3914800584 0.0000009381
0.3940132558 0.0000000542
0.3934132159 0.0000000025
0.3870334029 0.0000010822
-0.3808822632 0.0000023891
-0.3787155449 0.0000000036
-0.3757995963 0.0000002560
-0.3753711581 0.0000012104
-0.3732381761 0.0000000096
0.3830987513 0.0000012478
0.3810741305 0.0000082498
0.3807762563 0.0000003770
0.3790687919 0.0000000455
-0.3701658249 0.0000001299
-0.3675013483 0.0000016419
-0.3665711284 0.0000031085
0.3756732941 0.0000051675
0.3737908602 0.0000023025
0.3704995811 0.0000020633
0.3683817685 0.0000003717
0.3673299551 0.0000002009
-0.3623308241 0.0000008927
-0.3597091436 0.0000001531
-0.3580904007 0.0000056792
-0.3571905792 0.0000043001
-0.3561064303 0.0000074609
-0.3529967666 0.0000009744
0.3633486032 0.0000003640
0.3629212081 0.0000012416
0.3622646928 0.0000025718
0.3595544100 0.0000001686
0.3592005074 0.0000000003
-0.3521057069 0.0000000048
-0.3507574499 0.0000002257
-0.3491354585 0.0000048906
0.3571238518 0.0000052641
0.3554293811 0.0000015274
0.3539658785 0.0000000386
-0.3468184471 0.0000010446
0.3522427082 0.0000042475
0.3517536819 0.0000020657
0.3502829671 0.0000010259
0.3498498201 0.0000026127
-0.3443523645 0.0000045953
-0.3425030112 0.0000083239
-0.3438392282 0.0000109572
-0.3436637819 0.0000004113
0.3476313949 0.0000046679
-0.3390702307 0.0000000154
-0.3380902112 0.0000000092
0.3461655080 0.0000009656
0.3440304101 0.0000002270
-0.3366339803 0.0000001340
0.3436362445 0.0000004328
0.3420510888 0.0000019465
-0.3328929842 0.0000018542
0.3402022421 0.0000004294
-0.3318269849 0.0000002249
-0.3309848011 0.0000038539
0.3378677070 0.0000007868
-0.3288079798 0.0000030524
-0.3278784454 0.0000012341
0.3360547721 0.0000008017
0.3356380463 0.0000023282
0.3344775438 0.0000005452
-0.3254237175 0.0000003930
0.3339999914 0.0000001791
0.3319592774 0.0000019373
-0.3246468902 0.0000001826
-0.3224184811 0.0000004288
0.3308731616 0.0000000043
0.3286363780 0.0000063045
0.3298610151 0.0000000149
-0.3229395151 0.0000000111
-0.3211258948 0.0000006961
-0.3204253614 0.0000006404
-0.3181632757 0.0000068888
0.3279653788 0.0000022118
0.3245431483 0.0000006985
0.3253854215 0.0000000034
0.3231648505 0.0000000916
-0.3143418133 0.0000000101
-0.3139480352 0.0000000572
0.3219792545 0.0000001708
0.3201135397 0.0000007933
0.3183811605 0.0000017994
-0.3125083447 0.0000003443
-0.3120678961 0.0000003376
-0.3100175261 0.0000029685
-0.3103843033 0.0000014014
0.3166411221 0.0000000461
0.3151802421 0.0000082054
-0.3076721728 0.0000010687
-0.3086058497 0.0000000316
-0.3098473549 0.0000055296
-0.3048582077 0.0000058100
0.3134042621 0.0000032971
0.3147470951 0.0000001787
0.3122440279 0.0000039632
-0.3051517904 0.0000001792
-0.3035615683 0.0000012893
-0.3023014665 0.0000011285
-0.3013762534 0.0000030485
0.3120204210 0.0000000001
0.3101364970 0.0000015846
0.3100185096 0.0000002933
0.3084923625 0.0000034494
0.3074103594 0.0000013851
-0.3011099696 0.0000000761
-0.2994281650 0.0000003925
-0.2983747125 0.0000037926
-0.2961498797 0.0000038295
-0.2967310846 0.0000000351
0.3060068488 0.0000006933
0.3052411377 0.0000029722
0.3038290441 0.0000050552
0.3030796647 0.0000004845
-0.2944288552 0.0000050358
-0.2947315276 0.0000000703
-0.2929751873 0.0000007752
-0.2907160223 0.0000150289
0.3015010357 0.0000003854
0.3008756042 0.0000014398
0.3006054163 0.0000030450
0.2994233072 0.0000001345
-0.2882847488 0.0000041505
-0.2897075713 0.0000000004
-0.2873795033 0.0000000279
0.2965489924 0.0000048735
0.2958495319 0.0000014187
0.2947077751 0.0000005717
0.2944772840 0.0000014891
0.2935988307 0.0000007608
-0.2856839895 0.0000000000
-0.2845379114 0.0000000006
-0.2833814621 0.0000096582
-0.2828929722 0.0000018890
0.2919472754 0.0000017034
-0.2822425663 0.0000004518
0.2908713520 0.0000029613
-0.2808367908 0.0000050715
0.2898013592 0.0000004297
-0.2804746926 0.0000007807
-0.2792878151 0.0000011279
-0.2769372165 0.0000040326
-0.2775442898 0.0000000181
0.2882870734 0.0000000194
0.2874149680 0.0000001098
0.2862272859 0.0000020245
0.2856122553 0.0000012827
-0.2749182880 0.0000082074
-0.2746753097 0.0000073509
-0.2727645040 0.0000008512
0.2835647464 0.0000041866
0.2832494676 0.0000061690
0.2824876904 0.0000024531
-0.2714892030 0.0000027993
-0.2736643553 0.0000000004
0.2818042040 0.0000003577
0.2800519466 0.0000024605
0.2790137827 0.0000041323
0.2780165076 0.0000024760
-0.2695209086 0.0000051996
-0.2704685628 0.0000014211
-0.2703305185 0.0000003944
-0.2679100633 0.0000002326
-0.2670471072 0.0000042417
0.2763921916 0.0000024763
0.2761590183 0.0000000257
0.2755841911 0.0000000932
-0.2644684315 0.0000030003
-0.2638635635 0.0000009852
0.2745880187 0.0000001765
0.2742882967 0.0000040893
0.2733635306 0.0000003574
0.2720248699 0.0000018754
0.2712182403 0.0000030412
-0.2661717236 0.0000000000
0.2679856718 0.0000022289
0.2695886791 0.0000003445
0.2687753439 0.0000040672
0.2691661417 0.0000023939
0.2690372765 0.0000000133
-0.2639690042 0.0000002237
0.2673935592 0.0000022616
0.2658531070 0.0000006479
-0.2619704306 0.0000006220
-0.2624658644 0.0000002501
-0.2630681694 0.0000000155
0.2652871311 0.0000012878
-0.2608050406 0.0000002176
-0.2598994672 0.0000043695
0.2623139322 0.0000045232
0.2628194690 0.0000063450
0.2634980977 0.0000005983
0.2641494870 0.0000003479
0.2643745244 0.0000002068
-0.2589823306 0.0000001232
0.2612214684 0.0000081172
-0.2580929697 0.0000065891
0.2604829669 0.0000062326
-0.2564295828 0.0000020321
-0.2571684420 0.0000000005
0.2593109906 0.0000064010
0.2587291896 0.0000005418
0.2585456371 0.0000122191
-0.2557038963 0.0000062234
-0.2554034889 0.0000046223
-0.2545890808 0.0000141508
-0.2548705637 0.0000036494
0.2580523491 0.0000000849
0.2570407987 0.0000177215
-0.2538180351 0.0000000156
-0.2528087795 0.0000022221
-0.2533500195 0.0000141060
0.2567447126 0.0000001099
0.2561147511 0.0000005634
0.2555915415 0.0000001399
-0.2521080971 0.0000041257
0.2545416951 0.0000005067
-0.2512019575 0.0000101419
-0.2514601350 0.0000016327
-0.2509186864 0.0000008701
0.2534906566 0.0000192897
0.2537582219 0.0000056069
-0.2497614175 0.0000009117
-0.2487336248 0.0000000322
0.2524871826 0.0000043845
0.2515033484 0.0000072193
0.2520879805 0.0000062699
-0.2480092347 0.0000002221
0.2506294250 0.0000004225
-0.2476610541 0.0000005774
-0.2472039759 0.0000006598
-0.2451399565 0.0000105992
0.2484307438 0.0000001758
0.2493848205 0.0000007481
0.2496101856 0.0000000261
0.2472480983 0.0000040881
-0.2445195466 0.0000010254
-0.2441507280 0.0000016500
-0.2439936101 0.0000000617
0.2458040416 0.0000010980
0.2455046773 0.0000022857
0.2449955195 0.0000006658
-0.2433657795 0.0000035013
-0.2424217612 0.0000029852
-0.2427547425 0.0000006079
-0.2394339889 0.0000070791
-0.2400851399 0.0000006465
-0.2413709611 0.0000007560
-0.2410956025 0.0000012924
0.2444106340 0.0000007777
0.2417706549 0.0000068647
-0.2383791506 0.0000006049
-0.2374009937 0.0000002426
0.2440749407 0.0000006562
-0.2390174419 0.0000000031
0.2429467440 0.0000083123
0.2430754304 0.0000011071
0.2433038354 0.0000001982
-0.2379957885 0.0000000032
-0.2369890660 0.0000000292
-0.2365327775 0.0000001167
-0.2359002531 0.0000003581
-0.2343138903 0.0000035744
-0.2351047546 0.0000032846
-0.2348093092 0.0000005237
-0.2338757515 0.0000001154
0.2413461208 0.0000000066
-0.2332820892 0.0000009365
0.2405568063 0.0000015804
0.2407761365 0.0000000467
-0.2330631614 0.0000011011
-0.2321587056 0.0000006821
0.2397926003 0.0000027478
0.2395466268 0.0000024943
0.2390630245 0.0000051949
0.2385611385 0.0000030052
-0.2305177301 0.0000012496
-0.2298434824 0.0000017991
-0.2314656377 0.0000000120
-0.2316723764 0.0000001504
-0.2319232672 0.0000000012
-0.2294224799 0.0000030766
0.2364965528 0.0000027718
0.2378752381 0.0000042442
0.2377290130 0.0000000021
-0.2289581150 0.0000066692
-0.2288693339 0.0000010795
-0.2279643863 0.0000005293
-0.2283818871 0.0000000427
-0.2275235802 0.0000010424
-0.2267087698 0.0000006649
0.2356353998 0.0000032444
0.2351930141 0.0000003311
0.2349121124 0.0000002992
0.2345659137 0.0000053971
-0.2262047231 0.0000047089
-0.2258810252 0.0000032333
-0.2255407274 0.0000019708
0.2340267152 0.0000026645
-0.2215949148 0.0000107634
0.2333748192 0.0000054138
0.2330881059 0.0000054094
0.2326732278 0.0000080827
-0.2221332341 0.0000001997
-0.2224568874 0.0000124962
-0.2230114937 0.0000056641
-0.2238173634 0.0000008080
-0.2241965681 0.0000043900
0.2322474867 0.0000131748
0.2245458066 0.0000011299
-0.2245287001 0.0000017156
-0.2227837294 0.0000005427
-0.2245536000 0.0000000876
0.2250746191 0.0000028343
0.2318398058 0.0000005528
0.2310351878 0.0000005503
0.2314764708 0.0000044993
0.2259638757 0.0000004033
0.2306368798 0.0000010142
0.2294779718 0.0000032461
0.2292439938 0.0000017712
0.2303142250 0.0000003014
0.2254962474 0.0000002429
0.2267330736 0.0000017572
0.2316859365 0.0000024368
0.2271889299 0.0000007739
0.2283712178 0.0000104425
0.2276906371 0.0000000063
0.2279825956 0.0000002294
0.2281862199 0.0000002323
-0.2210962027 0.0000029774
-0.2206572592 0.0000000672
-0.2202479839 0.0000004731
-0.2197393775 0.0000017284
-0.2190983742 0.0000068613
-0.2184508145 0.0000000300
-0.2183299363 0.0000000104
-0.2177587748 0.0000007339
-0.2173393071 0.0000094751
-0.2169140577 0.0000025989
-0.2167510092 0.0000049613
-0.2156559974 0.0000124074
-0.2158103436 0.0000004768
0.2233650982 0.0000038959
0.2239358872 0.0000049716
0.2239009738 0.0000002888
0.2228550762 0.0000061856
-0.2150496244 0.0000098611
-0.2148671448 0.0000024698
0.2224273384 0.0000000797
-0.2096581608 0.0000015985
0.2219667286 0.0000000652
-0.2100222558 0.0000002059
-0.2136280388 0.0000107815
0.2213807404 0.0000001556
0.2206772864 0.0000011736
-0.2141434401 0.0000001720
-0.2139436901 0.0000072125
-0.2131693512 0.0000001753
0.2203210890 0.0000008891
0.2197858244 0.0000081055
-0.2105073631 0.0000007369
-0.2110237181 0.0000018987
-0.2113076150 0.0000012794
0.2193443477 0.0000000982
-0.2119027972 0.0000004955
0.2128372192 0.0000013343
0.2135351747 0.0000005709
0.2189435661 0.0000001218
0.2184678465 0.0000049794
0.2182902098 0.0000019267
0.2178794444 0.0000001574
0.2142720222 0.0000019151
0.2140151262 0.0000038823
0.2155815810 0.0000009893
0.2152686566 0.0000037917
0.2172338665 0.0000087909
0.2173585892 0.0000078523
0.2149346620 0.0000004004
0.2170806974 0.0000048382
-0.2123391926 0.0000023805
-0.2123747468 0.0000023051
0.2162159979 0.0000004972
0.2164124399 0.0000000475
-0.2089108974 0.0000110396
-0.2093116045 0.0000005694
-0.2083584666 0.0000015296
-0.2070449144 0.0000143519
-0.2080716193 0.0000007542
-0.2078000605 0.0000000822
-0.2073219568 0.0000003146
-0.2065023631 0.0000017070
-0.2061817348 0.0000003970
-0.2004487216 0.0000040508
-0.2055684775 0.0000001137
-0.2051625401 0.0000029979
0.2130224109 0.0000000403
-0.2010003626 0.0000155517
-0.2011401951 0.0000031736
0.2121775448 0.0000116573
0.2115882784 0.0000035054
-0.2046445608 0.0000013596
-0.2043310404 0.0000003650
0.2115062028 0.0000038656
0.2111463100 0.0000048055
-0.2016600966 0.0000027078
0.2106406987 0.0000068349
-0.2028675675 0.0000010233
-0.2038575858 0.0000059515
0.2037521005 0.0000129280
0.2103627920 0.0000047726
-0.2023609281 0.0000016804
-0.2032787055 0.0000004412
-0.2039961666 0.0000020574
0.2039801031 0.0000133851
0.2100331932 0.0000054010
0.2097240388 0.0000045229
0.2088492811 0.0000018063
0.2094689757 0.0000070906
0.2099654377 0.0000012309
0.2077947259 0.0000041196
0.2079503685 0.0000126442
-0.2035472989 0.0000002010
0.2046489567 0.0000000314
0.2049956322 0.0000006596
0.2052220553 0.0000014708
-0.2018879205 0.0000001225
0.2075381726 0.0000006611
0.2062442452 0.0000040727
0.2067962587 0.0000042584
0.2066785991 0.0000005578
0.2090858668 0.0000067426
0.2057447582 0.0000016938
-0.2025426477 0.0000009212
0.2058707178 0.0000000146
0.2033879906 0.0000000363
0.2031431496 0.0000000432
-0.2002087533 0.0000005680
-0.1998396814 0.0000024389
-0.1995349377 0.0000030999
0.2028985023 0.0000012353
-0.1988562196 0.0000000176
-0.1986768842 0.0000011401
0.1962777823 0.0000039811
0.2026735842 0.0000005042
0.2017687410 0.0000023148
-0.1939401925 0.0000035818
0.2012312412 0.0000081011
0.2020439655 0.0000002776
0.1967554688 0.0000003964
-0.1942320168 0.0000059082
-0.1982090771 0.0000005469
-0.1977717727 0.0000006732
-0.1943679303 0.0000035086
0.2008785009 0.0000019697
-0.1974779069 0.0000039864
-0.1968264580 0.0000022988
-0.1964626163 0.0000043202
-0.1947182864 0.0000019109
-0.1961196363 0.0000001273
0.1971845031 0.0000006393
0.1998551041 0.0000019909
0.1991263926 0.0000002048
0.1986301690 0.0000011456
-0.1951884180 0.0000014571
0.2024397403 0.0000004414
0.2002194971 0.0000010999
0.1981132776 0.0000000380
0.1975617111 0.0000001554
-0.1958713979 0.0000000533
0.2003108114 0.0000003694
-0.1973444968 0.0000005018
-0.1949497163 0.0000001042
0.1988023818 0.0000000738
0.1974321902 0.0000000376
-0.1983068883 0.0000000034
-0.1953705251 0.0000000046
-0.1881336719 0.0000020541
-0.1880114824 0.0000041248
0.1959924102 0.0000012625
0.1957477927 0.0000003337
-0.1883938760 0.0000011105
0.1951301098 0.0000026617
0.1950825900 0.0000053759
-0.1896587908 0.0000030608
-0.1899891496 0.0000079536
-0.1935552359 0.0000000360
-0.1892625988 0.0000015006
0.1947966665 0.0000001870
0.1906429380 0.0000015680
0.1909211278 0.0000042710
0.1945512146 0.0000038701
-0.1890529990 0.0000020935
-0.1934425384 0.0000003388
-0.1907592118 0.0000005704
-0.1930127442 0.0000006562
0.1913850904 0.0000001461
0.1941053867 0.0000000466
0.1918714941 0.0000200563
0.1925487071 0.0000035779
0.1927846223 0.0000027628
0.1929736137 0.0000039133
-0.1921747774 0.0000008815
0.1936099529 0.0000004600
-0.1917498410 0.0000013245
-0.1915566325 0.0000006527
-0.1913768351 0.0000008194
0.1919954121 0.0000001317
0.1912090480 0.0000000110
0.1932961047 0.0000011409
-0.1887114495 0.0000000218
-0.1931684613 0.0000000002
-0.1918225139 0.0000001701
-0.1913228482 0.0000000085
0.1936962903 0.0000004023
0.1901663691 0.0000020924
0.1852990687 0.0000000832
0.1856171191 0.0000115287
0.1858063042 0.0000012620
0.1860239655 0.0000015896
0.1897422522 0.0000000833
0.1893246174 0.0000060581
0.1864259392 0.0000002519
0.1889135540 0.0000131696
0.1867696941 0.0000003042
0.1869772524 0.0000033510
-0.1876693368 0.0000003842
0.1886302382 0.0000068924
-0.1824287027 0.0000046691
-0.1823335737 0.0000023914
-0.1873947829 0.0000000084
0.1881758273 0.0000051779
-0.1869407743 0.0000007898
0.1878713667 0.0000039925
-0.1829414219 0.0000005932
-0.1834897101 0.0000045096
-0.1866277605 0.0000004507
-0.1864274293 0.0000009079
0.1875636727 0.0000005128
-0.1859972328 0.0000021890
-0.1858281195 0.0000000856
-0.1839279234 0.0000014329
-0.1841196418 0.0000017675
0.1890740842 0.0000000001
0.1883745790 0.0000000099
0.1876228154 0.0000002633
-0.1850304157 0.0000013326
-0.1843907535 0.0000000807
-0.1849063486 0.0000000762
-0.1854941249 0.0000000319
-0.1852426678 0.0000009679
-0.1832101643 0.0000000127
-0.1853087693 0.0000006113
-0.1774100214 0.0000030839
-0.1777918637 0.0000034428
-0.1781962216 0.0000000851
-0.1821208745 0.0000144590
-0.1787128150 0.0000045662
-0.1815016866 0.0000152749
-0.1788819432 0.0000011520
-0.1818313748 0.0000000000
-0.1803540885 0.0000010498
-0.1810711175 0.0000001982
-0.1800551116 0.0000063832
-0.1808737367 0.0000003897
-0.1792502701 0.0000000464
-0.1794255376 0.0000016682
-0.1796265244 0.0000017839
0.1849696487 0.0000000018
0.1793985665 0.0000012093
0.1797032803 0.0000014473
0.1843773276 0.0000005926
0.1842081249 0.0000048007
0.1799370646 0.0000034950
-0.1808323413 0.0000000489
0.1802897006 0.0000012015
0.1839895695 0.0000001315
-0.1797914356 0.0000000513
0.1837043464 0.0000075997
0.1819710284 0.0000010717
0.1814065874 0.0000020356
0.1812551767 0.0000006484
0.1835209131 0.0000095239
0.1823660731 0.0000148028
0.1833280027 0.0000021904
0.1832324713 0.0000021014
0.1830747426 0.0000003267
0.1825093776 0.0000005947
0.1810091138 0.0000150225
0.1825808436 0.0000001768
0.1806953549 0.0000000916
0.1809517443 0.0000022506
-0.1777168214 0.0000000178
-0.1773759127 0.0000003038
-0.1770603061 0.0000013678
-0.1768337786 0.0000015643
-0.1766232252 0.0000028694
-0.1764479727 0.0000080499
-0.1729577631 0.0000014820
-0.1730294824 0.0000019879
-0.1759419590 0.0000018042
-0.1757842004 0.0000003485
-0.1752152890 0.0000019702
-0.1745534092 0.0000006087
-0.1754501015 0.0000007264
-0.1755442768 0.0000000992
-0.1739251167 0.0000069206
-0.1734015197 0.0000042863
-0.1737862378 0.0000013919
-0.1742201447 0.0000045242
-0.1743697375 0.0000003600
0.1791650802 0.0000000029
-0.1735282689 0.0000043237
0.1790167391 0.0000000162
0.1786231250 0.0000010521
0.1784532666 0.0000057995
-0.1761665195 0.0000000003
0.1783002615 0.0000000918
0.1744883955 0.0000062935
0.1780821234 0.0000000436
0.1752851456 0.0000064269
0.1756951511 0.0000022454
0.1748111099 0.0000012637
0.1759446561 0.0000006777
0.1749924421 0.0000001908
0.1762788594 0.0000020927
0.1776982695 0.0000141084
0.1777289510 0.0000015971
0.1769696772 0.0000008763
0.1767246872 0.0000005776
0.1745907664 0.0000000908
0.1777535826 0.0000014281
0.1768542826 0.0000000071
0.1761380732 0.0000000180
-0.1725819111 0.0000005055
-0.1723830998 0.0000013974
-0.1723913848 0.0000003536
-0.1713903099 0.0000022749
-0.1719901562 0.0000025396
-0.1719246358 0.0000198377
-0.1717415899 0.0000000865
-0.1710620373 0.0000000069
-0.1708993018 0.0000042454
0.1738938093 0.0000210256
0.1742545962 0.0000019255
-0.1705691367 0.0000009929
-0.1702063680 0.0000019141
-0.1704142690 0.0000003145
0.1732916236 0.0000036461
0.1740473509 0.0000000317
-0.1700535268 0.0000012371
0.1726249158 0.0000020550
0.1734605879 0.0000000008
0.1731420010 0.0000000124
-0.1697880477 0.0000019564
0.1724056304 0.0000001165
-0.1695438027 0.0000037923
-0.1679679304 0.0000124226
0.1720798463 0.0000016389
0.1721578389 0.0000001332
0.1717450768 0.0000131756
0.1715787053 0.0000077470
-0.1686466634 0.0000035146
-0.1685668379 0.0000060792
-0.1684385538 0.0000006583
-0.1689378023 0.0000002175
-0.1690298617 0.0000023249
0.1713686585 0.0000016628
0.1693787128 0.0000028282
0.1712059379 0.0000028889
0.1708574444 0.0000038706
0.1709951311 0.0000025189
0.1706379652 0.0000046862
0.1702612787 0.0000009916
0.1705031991 0.0000007085
0.1700559556 0.0000003932
0.1698510200 0.0000001618
0.1699507684 0.0000004179
-0.1691875607 0.0000000002
-0.1677499712 0.0000012553
-0.1673041284 0.0000008148
-0.1675981432 0.0000000991
-0.1671187580 0.0000011045
-0.1614868194 0.0000029380
-0.1669785380 0.0000003141
-0.1665792167 0.0000039552
-0.1617993116 0.0000075655
-0.1617874801 0.0000012420
-0.1661685705 0.0000000141
-0.1660958230 0.0000000251
-0.1657240391 0.0000255422
-0.1655168086 0.0000075450
-0.1664443314 0.0000021589
-0.1664479971 0.0000038022
0.1690453887 0.0000015661
-0.1619697213 0.0000110676
0.1688260436 0.0000044654
-0.1647659391 0.0000041715
-0.1653590053 0.0000005906
-0.1651653498 0.0000005954
0.1692809165 0.0000000003
0.1685814857 0.0000101391
-0.1643794179 0.0000011101
-0.1621004492 0.0000063297
-0.1622802764 0.0000021654
-0.1624794304 0.0000014845
-0.1624958813 0.0000004098
-0.1641306281 0.0000009812
0.1679614335 0.0000046524
0.1681185663 0.0000000705
-0.1631935388 0.0000004417
-0.1632599980 0.0000001495
-0.1631335616 0.0000020271
0.1621121019 0.0000111933
0.1677750796 0.0000024562
0.1677755862 0.0000034731
-0.1628188193 0.0000001499
-0.1635107547 0.0000001102
0.1623630822 0.0000034121
0.1625667810 0.0000029718
-0.1638363153 0.0000043783
0.1626584530 0.0000035336
0.1672844291 0.0000075188
0.1672414392 0.0000004358
0.1668254435 0.0000053818
0.1669832617 0.0000001494
0.1666002125 0.0000019159
0.1662589461 0.0000061522
0.1660770327 0.0000011340
0.1659544259 0.0000070706
0.1654704213 0.0000059183
0.1629551351 0.0000000692
0.1653086990 0.0000105146
0.1630742997 0.0000084202
0.1665101945 0.0000000744
0.1636781096 0.0000194891
0.1647812575 0.0000000833
0.1650102437 0.0000010119
0.1650361717 0.0000002966
-0.1638911366 0.0000002767
-0.1645081341 0.0000000007
0.1633440405 0.0000003741
0.1639518887 0.0000063760
0.1639155596 0.0000048386
0.1640520245 0.0000003490
0.1645088792 0.0000001316
0.1643416435 0.0000086740
0.1642321199 0.0000003236
-0.1604834050 0.0000031035
-0.1607554108 0.0000039268
-0.1609993726 0.0000003697
-0.1610925794 0.0000000266
0.1594928950 0.0000070113
0.1599084735 0.0000118111
0.1613630652 0.0000010263
0.1615434289 0.0000011380
0.1616343558 0.0000000814
0.1618496776 0.0000011166
0.1618844718 0.0000000926
-0.1594026089 0.0000013897
-0.1595354676 0.0000008606
-0.1597433686 0.0000003992
-0.1599689573 0.0000000139
-0.1603081077 0.0000001718
-0.1605209559 0.0000000817
-0.1613908559 0.0000000000
0.1598012894 0.0000053546
0.1602979451 0.0000083762
0.1607304811 0.0000040340
0.1608086228 0.0000005901
0.1609119773 0.0000008433
0.1611960828 0.0000009626
0.1602769643 0.0000001132
0.1567765772 0.0000095238
0.1568941325 0.0000091320
0.1572829336 0.0000094832
0.1577828079 0.0000032318
0.1579991281 0.0000047530
0.1591713428 0.0000045055
0.1595635712 0.0000000673
0.1589202583 0.0000006166
0.1585908234 0.0000080490
-0.1556235105 0.0000002987
-0.1557524502 0.0000039032
-0.1559222341 0.0000011743
-0.1560149193 0.0000074229
0.1584062129 0.0000010352
-0.1590861231 0.0000000923
-0.1563715786 0.0000032599
-0.1570038497 0.0000039522
-0.1571920961 0.0000021355
-0.1564819366 0.0000012405
-0.1585385799 0.0000016084
-0.1584507525 0.0000063572
-0.1577835679 0.0000045280
-0.1576435119 0.0000007469
-0.1566001624 0.0000007987
-0.1582155824 0.0000024234
-0.1582463384 0.0000005600
-0.1590066552 0.0000002643
0.1587570459 0.0000009963
-0.1573918015 0.0000008770
-0.1587430984 0.0000020237
-0.1529326737 0.0000045629
-0.1534322947 0.0000046380
-0.1538901329 0.0000004991
-0.1542651504 0.0000011848
-0.1545238495 0.0000000449
-0.1552065313 0.0000007177
-0.1550373435 0.0000006837
-0.1547712982 0.0000001092
-0.1549008936 0.0000001517
-0.1535174102 0.0000026477
-0.1535925567 0.0000001273
0.1498019099 0.0000024700
0.1501112431 0.0000009763
0.1503023058 0.0000091003
0.1566679180 0.0000028447
0.1574221104 0.0000129746
0.1564230919 0.0000009083
0.1545256823 0.0000007421
0.1538162231 0.0000096764
0.1540110260 0.0000013390
0.1546886712 0.0000106736
0.1541979015 0.0000013124
0.1533994377 0.0000124837
0.1576433480 0.0000010588
0.1561150104 0.0000044619
0.1536211371 0.0000014484
0.1548967957 0.0000010750
0.1559228003 0.0000003373
0.1554057449 0.0000013773
0.1555947661 0.0000095705
0.1551155448 0.0000022120
0.1507261395 0.0000007993
0.1508453935 0.0000013202
0.1512015462 0.0000002125
0.1529274285 0.0000029423
0.1531101912 0.0000014092
0.1527268589 0.0000028572
0.1513565928 0.0000277577
0.1521218568 0.0000035711
0.1523150057 0.0000009397
0.1518644243 0.0000044733
-0.1579073071 0.0000000053
-0.1448925436 0.0000010860
0.1516727805 0.0000010020
-0.1452428550 0.0000003414
-0.1463182420 0.0000036915
-0.1465488374 0.0000048829
-0.1530104280 0.0000002231
-0.1467075348 0.0000097875
-0.1525243074 0.0000011808
-0.1523939967 0.0000135369
-0.1470816880 0.0000008825
-0.1509694606 0.0000054684
-0.1513181180 0.0000069525
-0.1473253965 0.0000033216
-0.1503123641 0.0000024882
-0.1504416913 0.0000017018
-0.1517381221 0.0000046144
-0.1514388323 0.0000012212
-0.1506974846 0.0000020306
-0.1474689841 0.0000055021
-0.1522046924 0.0000000282
-0.1477352828 0.0000005374
-0.1518727988 0.0000004331
-0.1480233371 0.0000005387
-0.1492452323 0.0000027818
-0.1495412886 0.0000021240
-0.1490064114 0.0000029508
-0.1497846842 0.0000066057
-0.1483309418 0.0000011293
-0.1485603601 0.0000074887
-0.1484449357 0.0000028094
-0.1498924792 0.0000000703
0.1474469900 0.0000031470
0.1477778405 0.0000034762
-0.1447744220 0.0000109376
0.1481862962 0.0000126113
0.1481382847 0.0000148385
-0.1454377174 0.0000146363
0.1485749781 0.0000017362
-0.1460086107 0.0000029470
-0.1458369046 0.0000002161
0.1493838131 0.0000047825
0.1488431692 0.0000015301
0.1490617245 0.0000001745
0.1496513635 0.0000014765
-0.1422729194 0.0000069807
-0.1445549577 0.0000031373
-0.1426589936 0.0000049416
-0.1427594572 0.0000075328
-0.1439378858 0.0000011381
-0.1441624612 0.0000052826
-0.1434757113 0.0000025888
-0.1431481838 0.0000012635
0.1442266554 0.0000022678
0.1467292309 0.0000017145
0.1470396817 0.0000016467
0.1473119557 0.0000072276
0.1444475800 0.0000005724
0.1459172964 0.0000032233
0.1455447376 0.0000001456
0.1449869126 0.0000041927
0.1463009715 0.0000024330
0.1461222172 0.0000005034
0.1453592628 0.0000009749
0.1447468698 0.0000022681
0.1403199732 0.0000005130
0.1400474161 0.0000011513
0.1405979246 0.0000153094
0.1407973468 0.0000003031
0.1430873424 0.0000123886
0.1434493661 0.0000058609
0.1436670125 0.0000015693
0.1428660303 0.0000005378
0.1426518857 0.0000008983
0.1415549517 0.0000108044
0.1413949281 0.0000074065
0.1412232965 0.0000025372
0.1421480626 0.0000001225
0.1418383420 0.0000003320
0.1440380216 0.0000085972
-0.1334285587 0.0000070752
-0.1336351484 0.0000012853
-0.1433785707 0.0000041748
-0.1344607770 0.0000169349
-0.1420409977 0.0000005522
-0.1347867101 0.0000110686
-0.1417542100 0.0000071169
-0.1414528489 0.0000042008
-0.1350542605 0.0000061652
-0.1353292316 0.0000030224
-0.1356403679 0.0000096506
-0.1358138174 0.0000166363
-0.1412495375 0.0000014703
-0.1404034197 0.0000023671
-0.1401274651 0.0000049870
-0.1409093589 0.0000005496
-0.1406797767 0.0000046291
-0.1378351003 0.0000014270
-0.1387184411 0.0000031912
-0.1383153200 0.0000033932
-0.1384298950 0.0000048806
-0.1396653950 0.0000073943
-0.1397429705 0.0000058810
-0.1390635371 0.0000030711
-0.1392641962 0.0000033566
-0.1364592463 0.0000140119
-0.1360177249 0.0000030577
-0.1375284940 0.0000013003
-0.1372229159 0.0000012051
-0.1367030293 0.0000057915
-0.1368431151 0.0000030482
-0.1342860609 0.0000006286
0.1374121010 0.0000062927
0.1377434880 0.0000035050
0.1379236430 0.0000031306
0.1381789297 0.0000055589
0.1386688501 0.0000023272
0.1390780956 0.0000071769
0.1393657625 0.0000037741
0.1398785561 0.0000004734
-0.1289946586 0.0000011410
-0.1296201646 0.0000103243
-0.1294753253 0.0000024649
-0.1299464405 0.0000080072
-0.1302275807 0.0000093462
-0.1305597872 0.0000101012
-0.1308954954 0.0000118509
-0.1310925335 0.0000156038
-0.1313094348 0.0000031995
-0.1317992806 0.0000052062
-0.1322432160 0.0000020627
-0.1325884163 0.0000043785
0.1330484748 0.0000020000
0.1335434318 0.0000016916
0.1370468736 0.0000013729
-0.1319592595 0.0000047279
0.1338179559 0.0000054817
0.1340918541 0.0000070491
-0.1331059784 0.0000071860
-0.1328520030 0.0000019819
0.1346574277 0.0000023419
0.1385064274 0.0000027647
0.1365288794 0.0000068916
0.1342961043 0.0000017863
0.1364357024 0.0000194472
0.1362612993 0.0000008112
0.1349725872 0.0000102878
0.1355985403 0.0000010132
0.1350965053 0.0000011809
0.1276571155 0.0000019067
0.1282233745 0.0000048960
0.1278966367 0.0000031306
0.1284842342 0.0000059318
0.1358321756 0.0000030726
0.1288173348 0.0000054550
0.1328296661 0.0000044118
0.1297682524 0.0000047563
0.1306728274 0.0000047070
0.1311973929 0.0000030233
0.1310426891 0.0000186910
0.1324673444 0.0000021497
0.1294546723 0.0000009115
-0.1215043664 0.0000134915
0.1322259456 0.0000171992
0.1304319948 0.0000023469
-0.1221681908 0.0000039494
0.1317307651 0.0000018117
-0.1224181801 0.0000035007
-0.1227632910 0.0000017202
0.1318939030 0.0000023344
-0.1232364699 0.0000019777
-0.1287272722 0.0000044067
-0.1234290153 0.0000030379
-0.1274347305 0.0000017032
-0.1272037327 0.0000055029
-0.1268999577 0.0000044281
-0.1258529872 0.0000138422
-0.1257052869 0.0000095302
-0.1265130639 0.0000096125
-0.1253951937 0.0000018787
-0.1281486005 0.0000090831
-0.1262705177 0.0000053311
0.1301548183 0.0000041027
-0.1238335446 0.0000052230
-0.1249982491 0.0000026797
0.1290995330 0.0000023620
-0.1243553534 0.0000073629
-0.1278907508 0.0000014403
-0.1283368766 0.0000042609
-0.1246973872 0.0000038313
-0.1219232231 0.0000057469
0.1269162893 0.0000050051
0.1271836907 0.0000011665
-0.1241153926 0.0000084157
-0.1199514419 0.0000094535
-0.1206550375 0.0000078025
-0.1212382987 0.0000037469
-0.1210179478 0.0000085381
0.1227032617 0.0000037473
0.1233364493 0.0000142206
0.1249471232 0.0000133070
0.1243790761 0.0000173623
0.1238316000 0.0000010058
0.1241131797 0.0000015769
0.1245496869 0.0000131821
0.1254370660 0.0000059493
0.1256241053 0.0000063401
0.1259755641 0.0000090729
0.1231833696 0.0000040861
0.1266030967 0.0000069740
0.1222118959 0.0000112225
0.1224227324 0.0000031396
0.1216892973 0.0000094839
0.1213521510 0.0000055952
0.1211487129 0.0000018356
0.1206997260 0.0000052303
0.1261845976 0.0000036835
-0.1201990843 0.0000025229
-0.1193401441 0.0000062649
-0.1190604568 0.0000071907
-0.1196276397 0.0000103832
-0.1182184741 0.0000064853
-0.1185408905 0.0000013288
-0.1179551780 0.0000052658
-0.1044093668 0.0000039885
-0.1176782474 0.0000032617
-0.1173098460 0.0000065431
-0.1110251620 0.0000158046
-0.1099956036 0.0000048370
-0.1096422076 0.0000042367
-0.1170272306 0.0000040912
-0.1049787998 0.0000066228
-0.1076416001 0.0000287774
-0.1106384844 0.0000144405
-0.1087147146 0.0000097855
-0.1091414616 0.0000107577
-0.1093219817 0.0000069426
-0.1150943115 0.0000060512
-0.1073605940 0.0000153329
-0.1079591140 0.0000263536
-0.1070092693 0.0000090797
-0.1056390405 0.0000135190
-0.1060102209 0.0000046639
-0.1054432988 0.0000047081
-0.1156449392 0.0000050741
-0.1163467765 0.0000124057
-0.1082012504 0.0000033656
-0.1066768318 0.0000129937
-0.1062810495 0.0000073639
-0.1154602244 0.0000165798
-0.1161470264 0.0000088646
-0.1166757494 0.0000025033
-0.1104240566 0.0000019207
-0.1116891578 0.0000284501
-0.1042259261 0.0000238592
-0.1114409864 0.0000062579
-0.1120276600 0.0000146862
0.1203919500 0.0000012995
0.1083745211 0.0000176490
0.1086102203 0.0000113765
0.1200265214 0.0000110984
0.1197918877 0.0000131916
-0.1146536544 0.0000083477
-0.1123580933 0.0000091299
0.1090136468 0.0000037833
0.1093106493 0.0000124495
-0.1126239970 0.0000034616
-0.1144202724 0.0000104111
-0.1137414202 0.0000030156
-0.1134432927 0.0000127045
0.1103145853 0.0000199712
0.1100070477 0.0000092220
0.1096538007 0.0000073722
0.1194941476 0.0000138285
0.1191327423 0.0000037603
0.1108097583 0.0000044929
0.1109829322 0.0000064680
0.1114708036 0.0000026093
0.1118679792 0.0000070643
0.1167925000 0.0000101572
0.1171992570 0.0000254530
0.1174644977 0.0000055999
0.1187954769 0.0000053265
0.1185317561 0.0000156973
0.1181754321 0.0000064983
-0.1140285656 0.0000069188
-0.1130819768 0.0000031712
0.1158841699 0.0000036892
0.1179326475 0.0000044549
0.1121344939 0.0000062505
0.1164948195 0.0000075213
0.1155059189 0.0000051096
0.1151295975 0.0000174396
0.1148135811 0.0000071903
0.1125264838 0.0000086996
0.1161711141 0.0000034806
0.1128188595 0.0000022280
0.1144851521 0.0000110865
0.1141647473 0.0000168163
0.1130925715 0.0000019514
0.1135072112 0.0000017657
0.1139360070 0.0000240287
-0.0921616927 0.0000123401
-0.0925859138 0.0000083735
-0.1035420299 0.0000041926
0.1067522541 0.0000038666
0.1073549911 0.0000051824
0.1076272726 0.0000015625
0.1080634370 0.0000047542
0.1061537191 0.0000179755
0.1065544486 0.0000069952
-0.0929595605 0.0000066760
-0.0932929814 0.0000183990
-0.0935519114 0.0000203623
-0.0951100290 0.0000063879
-0.0940330774 0.0000148959
-0.0942881778 0.0000074602
-0.0947400630 0.0000046155
-0.0954941809 0.0000024201
-0.0958256200 0.0000053559
-0.0961676240 0.0000081462
-0.1011323929 0.0000158126
-0.1031776443 0.0000075681
-0.1024358794 0.0000120996
-0.1027304977 0.0000175145
-0.0965917259 0.0000088079
-0.0968294144 0.0000078277
-0.1038412377 0.0000124764
0.1048042998 0.0000124364
0.1051293239 0.0000052421
0.1054617539 0.0000104890
0.1058170944 0.0000032354
0.1030253842 0.0000093785
0.1037356704 0.0000114126
0.1044322029 0.0000061099
0.1041243449 0.0000163214
-0.0863784552 0.0000095967
-0.0867114067 0.0000207216
-0.0871169195 0.0000094376
-0.0875290185 0.0000143672
-0.0878269225 0.0000102440
-0.0882197767 0.0000099891
-0.0885769725 0.0000131816
-0.0889276490 0.0000256479
-0.1021501422 0.0000063880
-0.0893144831 0.0000110279
-0.1017326191 0.0000103430
-0.1014401093 0.0000087103
-0.0896899998 0.0000103662
-0.1007024795 0.0000231336
-0.0994131416 0.0000159825
-0.0904329717 0.0000101268
-0.0907180458 0.0000045436
-0.0995982215 0.0000224489
-0.0986664444 0.0000205608
-0.0900108442 0.0000132967
-0.0918000564 0.0000062313
-0.0979651809 0.0000070862
-0.1004434302 0.0000181002
-0.1001943573 0.0000041377
-0.0911734551 0.0000082229
-0.0914430544 0.0000094354
-0.0989558026 0.0000039801
-0.0972341150 0.0000263250
-0.0976175889 0.0000083923
-0.0983413085 0.0000048497
0.1027263775 0.0000141468
0.1034636125 0.0000034904
0.1023541987 0.0000169113
0.1013044864 0.0000116745
0.1017771140 0.0000143330
0.1009744704 0.0000214354
0.1006260589 0.0000116370
0.1002292484 0.0000053227
0.0893894434 0.0000064592
0.0897308737 0.0000236500
0.0901079550 0.0000110687
0.0995584577 0.0000167777
0.1020247564 0.0000076508
0.0903842449 0.0000124399
0.0988920033 0.0000053434
0.0992265195 0.0000060056
0.0966450647 0.0000077069
0.0959483460 0.0000071655
0.0956543311 0.0000054542
0.0949548110 0.0000139019
0.0951487795 0.0000061529
0.0999746546 0.0000077499
0.0970168933 0.0000100151
0.0962729827 0.0000060498
0.0906912088 0.0000118596
0.0984383151 0.0000048398
0.0973027945 0.0000084941
0.0941113979 0.0000072444
0.0980275571 0.0000161125
0.0977350548 0.0000108049
0.0923105627 0.0000206832
0.0933326408 0.0000294915
0.0943870172 0.0000093046
0.0911609903 0.0000022548
0.0916204304 0.0000060104
0.0937417448 0.0000210747
0.0926066935 0.0000072917
0.0919765383 0.0000120963
0.0930560231 0.0000049549
-0.0853321105 0.0000152401
-0.0856546313 0.0000173668
-0.0860478729 0.0000127866
0.0868490040 0.0000079893
0.0871160030 0.0000069731
0.0882854164 0.0000071654
0.0888936967 0.0000229819
0.0886794850 0.0000163080
0.0875010490 0.0000137669
0.0863416493 0.0000039628
0.0878035724 0.0000052637
0.0855971128 0.0000156318
0.0859436765 0.0000077645
-0.0489783511 0.0000487499
-0.0497720651 0.0000393577
-0.0501274914 0.0000485984
-0.0505133718 0.0000360017
-0.0513778292 0.0000577481
-0.0509063900 0.0000270446
-0.0517893359 0.0000833375
-0.0520562679 0.0000555717
-0.0524279214 0.0000322504
-0.0528595038 0.0000201565
-0.0532651730 0.0000278574
-0.0537101775 0.0000141020
-0.0540799983 0.0000282008
-0.0544895530 0.0000225483
-0.0845723301 0.0000134892
-0.0849033818 0.0000097231
-0.0572139360 0.0000513998
-0.0552230328 0.0000372555
-0.0763818547 0.0000333867
-0.0841599554 0.0000104833
-0.0838262141 0.0000115569
-0.0767163485 0.0000073052
-0.0556531735 0.0000282323
-0.0565030463 0.0000409148
-0.0568201803 0.0000536031
-0.0834750310 0.0000226163
-0.0831239447 0.0000065322
-0.0771126598 0.0000152925
-0.0774509907 0.0000324281
-0.0785974935 0.0000112910
-0.0826184079 0.0000059287
-0.0809000432 0.0000154390
-0.0812339932 0.0000242061
-0.0815470070 0.0000230768
-0.0819144920 0.0000101227
-0.0823085681 0.0000091111
-0.0560163893 0.0000173027
-0.0548426211 0.0000270098
-0.0782200024 0.0000161498
-0.0789793134 0.0000061941
-0.0801020116 0.0000076577
-0.0798190311 0.0000147141
-0.0805737600 0.0000132571
0.0792231336 0.0000103079
0.0796534419 0.0000076392
0.0800971612 0.0000132201
0.0833915100 0.0000045070
0.0803401023 0.0000166738
0.0838764459 0.0000105479
0.0841134638 0.0000120850
0.0819320679 0.0000130891
0.0829325691 0.0000041790
0.0823091567 0.0000273163
0.0825332999 0.0000175400
0.0853223577 0.0000083437
0.0848959386 0.0000095317
0.0845209658 0.0000093572
-0.0492733680 0.0000386166
-0.0481991544 0.0000489734
-0.0485725701 0.0000696308
-0.0756279975 0.0000293833
-0.0759789571 0.0000084477
-0.0584214926 0.0000235832
-0.0579546839 0.0000468968
-0.0575523116 0.0000160778
-0.0778979287 0.0000078274
-0.0793534517 0.0000072549
0.0788848698 0.0000080523
0.0785298496 0.0000074319
0.0780435726 0.0000149705
0.0776469335 0.0000129955
0.0814931467 0.0000101226
0.0773222670 0.0000123853
0.0811214671 0.0000094658
0.0768569782 0.0000316366
0.0762941986 0.0000280559
0.0807791576 0.0000134591
-0.0751212016 0.0000158057
-0.0748670399 0.0000150969
-0.0587426499 0.0000237569
-0.0733361095 0.0000173389
-0.0591558442 0.0000336277
-0.0737301111 0.0000209280
-0.0743938759 0.0000307396
-0.0477498509 0.0000635362
-0.0421344377 0.0000989862
-0.0425846055 0.0000295148
-0.0449636877 0.0000845576
-0.0446034260 0.0000869884
-0.0442806780 0.0000813313
-0.0438199788 0.0000870715
-0.0434627943 0.0000569134
-0.0454002842 0.0000661874
-0.0595482886 0.0000366521
-0.0418788642 0.0000780228
-0.0457728617 0.0000518209
-0.0431123711 0.0000460857
-0.0474096239 0.0000403333
-0.0461613312 0.0000336615
-0.0599106401 0.0000318857
-0.0606492124 0.0000166563
-0.0602926314 0.0000171346
-0.0611425079 0.0000162370
0.0758546814 0.0000146581
0.0743588358 0.0000189138
0.0754488707 0.0000142840
0.0750432312 0.0000248017
-0.0366544649 0.0000955387
0.0739958584 0.0000195412
0.0747086629 0.0000226193
-0.0370292477 0.0001055288
-0.0374505110 0.0001031818
-0.0378806069 0.0000842985
0.0529544204 0.0000268505
0.0533297844 0.0000343125
0.0537939146 0.0000174947
-0.0414090194 0.0000533917
-0.0382476039 0.0000689481
0.0541430078 0.0000446218
0.0642276481 0.0000240805
0.0638970360 0.0000217089
0.0634969175 0.0000224423
0.0631690025 0.0000223138
0.0627363175 0.0000292714
0.0623232126 0.0000154607
0.0561287701 0.0000447702
0.0557097383 0.0000283390
0.0568671562 0.0000230596
0.0565008782 0.0000356021
0.0577136055 0.0000398847
0.0572529770 0.0000274087
0.0552756786 0.0000415397
0.0549046881 0.0000340386
0.0618951581 0.0000208176
0.0580162220 0.0000192417
0.0584564693 0.0000310576
-0.0410167053 0.0000643403
-0.0390495174 0.0000623445
-0.0386382900 0.0000873039
0.0647203922 0.0000111140
0.0616174266 0.0000228702
0.0587603152 0.0000273976
0.0592910536 0.0000458727
-0.0394175202 0.0000905738
0.0611930043 0.0000124212
0.0544952489 0.0000266102
-0.0406523831 0.0000734743
0.0596797541 0.0000251117
0.0603873506 0.0000321803
-0.0402449556 0.0000926806
-0.0398426764 0.0000846197
0.0599561743 0.0000328586
0.0608159900 0.0000200889
0.0764926076 0.0000355189
0.0524747632 0.0000403827
-0.0342554972 0.0001436884
-0.0358486325 0.0000886961
-0.0362334587 0.0000986305
-0.0469902456 0.0000304701
0.0651295856 0.0000305860
-0.0741361305 0.0000327727
0.0736094266 0.0000129862
-0.0730005950 0.0000084835
-0.0725599825 0.0000205480
-0.0722559616 0.0000132960
-0.0622361638 0.0000299686
-0.0618720092 0.0000197875
-0.0626823306 0.0000234828
0.0521663092 0.0000295210
0.0654851496 0.0000372684
0.0517660491 0.0000759610
-0.0350342095 0.0001158170
-0.0615545586 0.0000126319
0.0657650977 0.0000197318
-0.0465855971 0.0000382472
-0.0354446918 0.0001064104
-0.0718140453 0.0000184447
-0.0715262741 0.0000168871
-0.0634572804 0.0000241763
-0.0630114079 0.0000154031
0.0732385293 0.0000190778
0.0727846771 0.0000116579
0.0724111646 0.0000124802
-0.0338678434 0.0001036189
-0.0334505253 0.0001290286
-0.0330546387 0.0001296778
-0.0346393473 0.0001111022
-0.0326286331 0.0001477426
0.0716634989 0.0000189001
0.0513459183 0.0000507279
0.0509973355 0.0000417317
0.0381801911 0.0000941841
0.0481607467 0.0000482500
0.0394012854 0.0000657950
0.0405867435 0.0000750794
0.0410114676 0.0000575796
0.0402376167 0.0000763082
0.0465860479 0.0000320139
0.0414263383 0.0000495812
0.0418585576 0.0000847029
0.0449963845 0.0000891669
0.0446092263 0.0000373451
0.0421412699 0.0000894770
0.0461965948 0.0000416933
0.0454027317 0.0000447443
0.0458016060 0.0000482342
0.0425893925 0.0000610423
0.0438160598 0.0000466732
0.0433928110 0.0000423764
0.0430271812 0.0000427530
0.0442055576 0.0000468520
-0.0707598850 0.0000149966
-0.0642032102 0.0000233425
-0.0638423935 0.0000375522
0.0719631985 0.0000239619
0.0501282401 0.0000310505
0.0385807455 0.0000742184
0.0390281267 0.0000579487
0.0478162318 0.0000559309
0.0473588780 0.0000512422
0.0469809026 0.0000703867
-0.0645957962 0.0000282626
-0.0649038255 0.0000180170
-0.0278117862 0.0001759952
-0.0274075642 0.0001816468
-0.0266344510 0.0002196281
-0.0262150876 0.0001987917
-0.0250185970 0.0002313113
-0.0254015233 0.0002026496
-0.0245882664 0.0002063328
-0.0269997809 0.0002278930
-0.0258224178 0.0001753128
0.0713002309 0.0000106534
0.0709247366 0.0000115652
0.0693682805 0.0000235645
0.0662457794 0.0000174184
0.0666841641 0.0000153837
0.0504919998 0.0000408306
0.0369783901 0.0000988040
0.0377847143 0.0000811605
0.0365898050 0.0000885042
0.0373924077 0.0000807847
0.0497037582 0.0000355709
0.0485847183 0.0000694343
0.0398137569 0.0000607004
-0.0653825775 0.0000238627
-0.0672191530 0.0000416291
-0.0668648556 0.0000281464
-0.0660239756 0.0000270708
-0.0664807633 0.0000135685
-0.0241907947 0.0002494968
-0.0322576053 0.0001393215
0.0670570433 0.0000296083
-0.0318398923 0.0001238315
-0.0314607844 0.0001305163
-0.0302629117 0.0001794170
-0.0282286387 0.0001658310
-0.0298267547 0.0001408232
-0.0286474936 0.0001868715
-0.0290238224 0.0002003559
-0.0294250622 0.0001619512
0.0493595190 0.0000481872
0.0361960195 0.0000924192
0.0273281150 0.0002313140
0.0358290933 0.0000887133
0.0354043469 0.0000955400
0.0277575739 0.0001707758
0.0281483419 0.0001645563
0.0349849463 0.0001001749
0.0346115753 0.0001211417
0.0285912417 0.0001967905
0.0289356709 0.0002097449
0.0325734466 0.0001402875
0.0317571461 0.0001584053
0.0313629135 0.0001562060
0.0309887994 0.0001548244
0.0305637754 0.0001474520
0.0301809832 0.0001397302
0.0297555812 0.0001469825
0.0341530852 0.0000853716
0.0321722217 0.0001289995
0.0329718143 0.0001435790
0.0337885246 0.0001054429
0.0293657817 0.0001643666
-0.0710520670 0.0000153941
-0.0676808283 0.0000147088
-0.0657454729 0.0000433091
-0.0238023438 0.0003101521
0.0674317926 0.0000231085
-0.0310362019 0.0001241256
0.0696393773 0.0000142683
-0.0306619834 0.0001583280
0.0701625198 0.0000183818
0.0705152974 0.0000294931
0.0269364603 0.0001859531
0.0232880265 0.0002795559
0.0237057880 0.0003492183
0.0265234448 0.0002121082
-0.0136944372 0.0008927465
0.0241032317 0.0002380280
0.0245233979 0.0002885554
-0.0233822186 0.0003130082
-0.0140955085 0.0007709840
-0.0145069612 0.0008198327
-0.0149214417 0.0007550139
-0.0217761304 0.0003320469
-0.0213614944 0.0003284089
-0.0209662113 0.0004101097
-0.0205595400 0.0004206536
-0.0197475869 0.0005087683
-0.0181355365 0.0005837576
-0.0177514683 0.0006683470
-0.0153167173 0.0007111758
-0.0173333902 0.0006348500
-0.0193608850 0.0005124104
-0.0185432509 0.0005071405
-0.0189623106 0.0004430637
-0.0201633628 0.0004085973
0.0261435099 0.0002084151
0.0257431753 0.0002202581
-0.0221728068 0.0003324951
-0.0229947977 0.0003079181
0.0677194819 0.0000266551
-0.0128836231 0.0010301613
-0.0132940589 0.0009580537
-0.0169407763 0.0006855249
0.0228785370 0.0003228805
0.0224974193 0.0003475377
0.0212562084 0.0004249520
0.0208713803 0.0003943163
0.0220910516 0.0003188720
0.0216806065 0.0003226844
0.0249140747 0.0002803433
-0.0157255679 0.0006455468
-0.0702217445 0.0000134174
-0.0683912486 0.0000150293
-0.0687786192 0.0000132349
-0.0699757636 0.0000215528
0.0689222589 0.0000244353
0.0489525720 0.0000639439
-0.0225935057 0.0002853492
-0.0056190053 0.0041418145
-0.0064174016 0.0035537316
-0.0060152360 0.0040772515
-0.0068274201 0.0031357103
-0.0124752447 0.0011508890
-0.0165438298 0.0006221847
0.0252975971 0.0002088113
-0.0120767932 0.0012749279
-0.0161327925 0.0006939092
-0.0112731606 0.0013518448
-0.0104640713 0.0016183278
-0.0116752703 0.0013678232
0.0131795630 0.0009975758
0.0204842910 0.0004470210
0.0135915084 0.0009112959
0.0147967683 0.0008302641
0.0152170584 0.0008070557
0.0156138772 0.0007885980
0.0143821714 0.0008295061
0.0200507622 0.0004097674
-0.0108630555 0.0015475891
0.0164063647 0.0007166449
0.0139981881 0.0009241875
0.0196574014 0.0004220825
0.0180388596 0.0005860974
0.0176218655 0.0004482621
0.0168144945 0.0005780724
0.0172284879 0.0005724750
0.0160108078 0.0007830089
0.0192617737 0.0004235125
0.0184480585 0.0005562815
0.0188347995 0.0004509694
0.0686867088 0.0000167997
-0.0048021795 0.0051330337
-0.0076291338 0.0025589122
-0.0052103163 0.0045557925
-0.0072279703 0.0028442638
0.0127620595 0.0010304133
0.0333764590 0.0001144578
-0.0000126353 0.4233360589
-0.0100566624 0.0016307075
-0.0092488462 0.0020662209
0.0002670549 0.0698818192
-0.0096506150 0.0017915864
-0.0003960448 0.0536387004
-0.0088414392 0.0021513300
-0.0015877439 0.0182338059
-0.0035918839 0.0076293838
-0.0031960884 0.0088771135
-0.0011906025 0.0236223005
-0.0023878417 0.0126420278
-0.0007922265 0.0320000388
-0.0044009606 0.0057963706
-0.0040010475 0.0066692200
-0.0080366209 0.0023816505
0.0123643167 0.0010605205
0.0119593330 0.0011967672
-0.0027929700 0.0101884678
-0.0019885863 0.0151469354
0.0107486164 0.0013721857
0.0103323460 0.0015978555
0.0115521634 0.0014304877
0.0099322265 0.0017322543
0.0006638178 0.0372495949
0.0095278639 0.0018780878
0.0111522228 0.0013878862
0.0091161132 0.0019455035
0.0010616102 0.0263958517
0.0087195141 0.0021413804
0.0014600804 0.0196966659
0.0034717075 0.0083687035
0.0038655887 0.0071274261
0.0083128838 0.0023984571
0.0075037582 0.0028724738
0.0070953402 0.0031311573
0.0066943695 0.0032833174
0.0018615145 0.0154521260
0.0030697777 0.0096117947
0.0079115471 0.0024016164
0.0050775246 0.0048349653
0.0062942463 0.0035013137
0.0022628566 0.0130247874
0.0026648962 0.0110514527
0.0058926651 0.0039023319
0.0054857768 0.0042566392
0.0046740761 0.0053047882
0.0042664567 0.0061188512
0.0681079477 0.0000098961
-0.0680087805 0.0000243183
-0.0084386058 0.0021358447
-0.0691347942 0.0000195009
-0.0694839284 0.0000246191
