257.9039306641 0.0000028823
198.4125213623 0.0000000649
153.9582977295 0.0000002287
118.3067016602 0.0000006562
82.6511535645 0.0000104003
73.1406860352 0.0000049319
55.9397010803 0.0000004817
50.2267532349 0.0000000413
47.6578216553 0.0000000857
41.9081459045 0.0000090971
37.5595703125 0.0000031471
31.8570346832 0.0000015622
27.3085994720 0.0000262975
21.1815948486 0.0000000687
19.5242824554 0.0000013520
18.0391483307 0.0000018069
16.0891952515 0.0000006849
12.6409454346 0.0000000000
11.6486282349 0.0000000548
10.0904426575 0.0000014173
9.7228221893 0.0000016339
9.4153337479 0.0000046103
8.8111629486 0.0000006223
7.2087626457 0.0000003657
6.4787588120 0.0000000284
6.1674780846 0.0000000404
5.8540806770 0.0000006818
5.5389637947 0.0000024948
5.2139720917 0.0000000094
4.6299967766 0.0000002550
4.2086710930 0.0000003705
4.1132669449 0.0000020727
3.8198623657 0.0000009642
3.4422321320 0.0000006914
3.0081558228 0.0000006622
2.9410145283 0.0000035960
2.8158457279 0.0000029416
2.8021144867 0.0000000405
2.6193742752 0.0000050208
2.5618188381 0.0000080953
2.3801960945 0.0000000155
-2.0084609985 0.0000000128
2.2421913147 0.0000000699
2.1640627384 0.0000007171
2.1146745682 0.0000001881
1.9841314554 0.0000007000
-1.8281639814 0.0000020407
-1.7646729946 0.0000259001
1.8677500486 0.0000001672
1.8099800348 0.0000003334
-1.7183516026 0.0000000035
-1.5933525562 0.0000011640
1.7445132732 0.0000037467
1.7275673151 0.0000004484
1.7145516872 0.0000000104
1.6704419851 0.0000146520
-1.5351493359 0.0000048295
1.6106258631 0.0000003900
-1.4693489075 0.0000007970
1.5421347618 0.0000045663
1.5074604750 0.0000000034
-1.4054145813 0.0000057612
1.4473586082 0.0000013437
-1.3699190617 0.0000001922
-1.3261580467 0.0000003562
-1.3067723513 0.0000033008
1.4100854397 0.0000000215
1.3805466890 0.0000011037
1.3667852879 0.0000023741
1.3269286156 0.0000067554
1.3277842999 0.0000030824
-1.2767131329 0.0000000024
-1.2547833920 0.0000000752
1.2718966007 0.0000022887
-1.2207431793 0.0000063498
1.2563656569 0.0000002887
-1.2081995010 0.0000028522
1.2309684753 0.0000006228
1.2083823681 0.0000063886
-1.1856092215 0.0000000007
-1.1682201624 0.0000037085
1.1887501478 0.0000007060
1.1846162081 0.0000002281
-1.1518460512 0.0000009101
-1.1357988119 0.0000000484
1.1503361464 0.0000003721
-1.1085796356 0.0000083663
-1.1019752026 0.0000018283
1.1372170448 0.0000011076
1.1196641922 0.0000009493
1.1027437449 0.0000003920
-1.0628713369 0.0000010001
1.0781184435 0.0000006686
1.0679723024 0.0000044296
-1.0520317554 0.0000000026
-1.0386627913 0.0000000109
-1.0202850103 0.0000011564
1.0421265364 0.0000000491
1.0350010395 0.0000005070
-1.0042704344 0.0000044523
-0.9938769937 0.0000038439
1.0212575197 0.0000000003
1.0033627748 0.0000031278
0.9831151366 0.0000004577
-0.9804578424 0.0000016045
-0.9754065275 0.0000010369
-0.9565241337 0.0000000784
0.9594241381 0.0000003686
0.9512357116 0.0000002797
-0.9350537062 0.0000023933
-0.9220789075 0.0000123604
-0.9099211693 0.0000008334
0.9330624342 0.0000000342
0.9245566130 0.0000038700
0.9123849869 0.0000000403
-0.8932450414 0.0000002481
-0.8827586770 0.0000028628
0.8961844444 0.0000106312
-0.8675600290 0.0000005623
-0.8609532714 0.0000014793
0.8849802017 0.0000000390
0.8707425594 0.0000044499
-0.8476950526 0.0000000833
0.8609005213 0.0000013409
0.8563375473 0.0000009049
0.8515979052 0.0000008869
0.8417833447 0.0000108354
-0.8410773277 0.0000000264
-0.8298680186 0.0000002616
-0.8195508718 0.0000044195
-0.8037928343 0.0000001503
0.8277935386 0.0000004700
0.8187873363 0.0000038893
0.8146972656 0.0000004932
0.8044767380 0.0000007288
-0.7938182354 0.0000000962
-0.7876056433 0.0000006907
-0.7793557048 0.0000029552
-0.7736075521 0.0000007064
-0.7683454752 0.0000000021
0.7848992348 0.0000085348
0.7837681770 0.0000002760
-0.7487893701 0.0000013654
0.7732270956 0.0000006585
0.7700242996 0.0000002188
0.7673942447 0.0000001616
-0.7410281301 0.0000000004
0.7472888827 0.0000000308
0.7396098971 0.0000001745
-0.7295103073 0.0000011446
0.7299894094 0.0000008445
-0.7217053175 0.0000031442
0.7246708870 0.0000000122
-0.7160045505 0.0000016217
-0.7103853822 0.0000000703
0.7045247555 0.0000001033
-0.6932301521 0.0000062916
-0.6845192313 0.0000011515
-0.6782379746 0.0000073836
-0.6702120900 0.0000053783
0.6910354495 0.0000000201
0.6857091784 0.0000053242
-0.6615633368 0.0000008606
0.6784509420 0.0000048505
0.6736413240 0.0000000570
0.6670022607 0.0000009325
0.6662387252 0.0000041395
0.6614488959 0.0000030209
-0.6505093575 0.0000014093
-0.6477572918 0.0000029312
0.6533771157 0.0000000601
-0.6422592998 0.0000033960
0.6425999403 0.0000005740
0.6342419386 0.0000011071
-0.6300469637 0.0000210272
-0.6259824634 0.0000090536
-0.6205732226 0.0000012413
0.6286317110 0.0000078606
0.6263379455 0.0000004701
0.6182134748 0.0000000238
-0.6107812524 0.0000000203
-0.6041695476 0.0000006294
0.6115818024 0.0000000945
0.6062418818 0.0000040084
0.5981333256 0.0000005272
-0.5962597728 0.0000005604
-0.5945033431 0.0000039622
-0.5886722803 0.0000012034
0.5927868485 0.0000013088
0.5887008905 0.0000067115
0.5850322843 0.0000005754
-0.5826838017 0.0000001619
-0.5780838728 0.0000010199
-0.5750463605 0.0000012218
-0.5704698563 0.0000004033
-0.5696583986 0.0000001612
0.5777456760 0.0000007049
0.5735566020 0.0000018310
0.5691260695 0.0000040585
0.5660538673 0.0000033095
-0.5552177429 0.0000054316
0.5599457622 0.0000003694
0.5560483336 0.0000006204
-0.5500407815 0.0000000839
-0.5484328866 0.0000045226
-0.5429468751 0.0000017468
0.5495135784 0.0000010803
0.5480416417 0.0000041777
-0.5368100405 0.0000008980
0.5437879562 0.0000008682
-0.5321771502 0.0000000790
0.5399582982 0.0000010836
0.5362629294 0.0000039116
-0.5278874636 0.0000015607
-0.5267549157 0.0000020061
0.5309571624 0.0000019933
0.5292499065 0.0000021535
-0.5207270384 0.0000006873
-0.5173931718 0.0000054159
0.5253338218 0.0000010890
0.5214481354 0.0000048646
-0.5127072930 0.0000063286
-0.5109101534 0.0000000243
-0.5040497780 0.0000054872
0.5152773261 0.0000005696
0.5127965212 0.0000001040
0.5090319514 0.0000011327
0.5060341954 0.0000009419
-0.5011723638 0.0000000040
-0.4982608557 0.0000008025
-0.4940586686 0.0000073549
0.5014293790 0.0000002757
0.4980568290 0.0000047475
-0.4874451756 0.0000005384
-0.4868997931 0.0000026133
-0.4819288850 0.0000006932
0.4941521883 0.0000024987
0.4926168323 0.0000005323
0.4883800447 0.0000024139
0.4852490127 0.0000000027
-0.4774411023 0.0000027886
-0.4761020243 0.0000003745
-0.4733317196 0.0000050580
-0.4724597037 0.0000048010
0.4794080853 0.0000024196
0.4773583114 0.0000005480
0.4738106430 0.0000000224
-0.4671045840 0.0000033012
-0.4656767249 0.0000044060
0.4672255218 0.0000203502
0.4673689306 0.0000017924
-0.4564310610 0.0000020433
-0.4548903704 0.0000006151
0.4615482092 0.0000097233
0.4587875605 0.0000027062
-0.4514075220 0.0000080736
-0.4498572052 0.0000016883
-0.4435124993 0.0000015812
-0.4401546121 0.0000014019
0.4549666941 0.0000001147
0.4544294178 0.0000055567
0.4513367116 0.0000043303
0.4490386248 0.0000002255
0.4477239847 0.0000002013
-0.4364426434 0.0000021910
-0.4342584014 0.0000000062
0.4390170574 0.0000036546
0.4363953173 0.0000029711
-0.4298146963 0.0000000238
0.4322017729 0.0000000009
0.4295752943 0.0000217072
-0.4248434603 0.0000050318
-0.4240741730 0.0000028266
-0.4225715101 0.0000044031
-0.4189108014 0.0000029798
-0.4191284776 0.0000005940
0.4267240167 0.0000039511
-0.4164727032 0.0000000091
-0.4114690125 0.0000012815
0.4240994155 0.0000021183
0.4252145886 0.0000000003
-0.4076265991 0.0000002582
-0.4051038325 0.0000021333
0.4204183519 0.0000013939
0.4194765687 0.0000001292
0.4162031412 0.0000012709
0.4127684236 0.0000077032
0.4117510021 0.0000003659
0.4106056690 0.0000000694
0.4087353349 0.0000115913
0.4057335854 0.0000072429
-0.4017628431 0.0000004856
-0.4011624157 0.0000029868
-0.4000621438 0.0000051340
-0.3967894316 0.0000052226
-0.3938026428 0.0000087047
0.4018994272 0.0000147178
0.3999120891 0.0000016182
0.3967447281 0.0000006732
-0.3899122477 0.0000163831
-0.3884031177 0.0000023697
-0.3846295774 0.0000009082
0.3940210342 0.0000000543
0.3934159875 0.0000000025
0.3914856017 0.0000009384
0.3870318234 0.0000010812
-0.3808825910 0.0000023884
-0.3787189722 0.0000000036
-0.3758043051 0.0000002585
-0.3753755689 0.0000012078
-0.3732424676 0.0000000096
0.3831028342 0.0000012457
-0.3701652586 0.0000001304
-0.3675056696 0.0000016342
-0.3665758371 0.0000031173
0.3810733855 0.0000082449
0.3807816207 0.0000003798
0.3790744841 0.0000000458
0.3756788075 0.0000051680
0.3737958968 0.0000023021
0.3705000579 0.0000020625
-0.3623358905 0.0000008937
0.3683851361 0.0000003727
0.3673340678 0.0000002004
0.3633520007 0.0000003580
0.3629228175 0.0000012407
0.3622666299 0.0000025764
-0.3597139418 0.0000001556
-0.3580935299 0.0000056519
-0.3571956754 0.0000043210
-0.3561076224 0.0000074633
-0.3530001640 0.0000009724
0.3595615327 0.0000001669
0.3592050076 0.0000000003
-0.3521093130 0.0000000048
-0.3507625759 0.0000002272
-0.3491393626 0.0000048854
-0.3468223214 0.0000010377
0.3571300507 0.0000052599
0.3554332256 0.0000015301
0.3539698124 0.0000000392
0.3522477448 0.0000042370
0.3517609239 0.0000020760
-0.3443565369 0.0000045103
-0.3425076604 0.0000083342
-0.3438448310 0.0000110510
-0.3436656296 0.0000003927
-0.3390725851 0.0000000154
-0.3380951285 0.0000000093
-0.3366368115 0.0000001338
0.3502866626 0.0000010277
0.3498534858 0.0000026084
0.3476338089 0.0000046668
0.3461664915 0.0000009671
0.3440350294 0.0000002311
0.3436404765 0.0000004304
0.3420543373 0.0000019448
0.3402078152 0.0000004298
-0.3328949809 0.0000018557
-0.3318314254 0.0000002248
-0.3309877515 0.0000038511
0.3378727138 0.0000007860
-0.3288109899 0.0000030516
-0.3278832734 0.0000012348
0.3360587656 0.0000007975
0.3356417120 0.0000023323
0.3344815075 0.0000005468
0.3340039253 0.0000001783
0.3319619894 0.0000019374
0.3308747113 0.0000000043
0.3298617303 0.0000000150
0.3286396861 0.0000063093
0.3279677331 0.0000022065
-0.3254268765 0.0000003931
-0.3246490657 0.0000001824
-0.3229444623 0.0000000111
-0.3224248886 0.0000004301
-0.3211293221 0.0000006936
-0.3204294741 0.0000006433
-0.3181676865 0.0000068864
0.3245453835 0.0000006990
0.3253890574 0.0000000034
-0.3143457770 0.0000000103
-0.3139526546 0.0000000570
-0.3125133216 0.0000003441
-0.3120720088 0.0000003371
-0.3103871047 0.0000013834
-0.3100197911 0.0000030215
-0.3098506629 0.0000054970
-0.3086079657 0.0000000320
-0.3076755702 0.0000010675
0.3231695890 0.0000000923
0.3219825029 0.0000001714
0.3201180696 0.0000007934
0.3183851242 0.0000018000
0.3166415691 0.0000000466
0.3151822686 0.0000082009
0.3147509694 0.0000001801
0.3134082854 0.0000033045
0.3122458756 0.0000039553
0.3120242655 0.0000000001
-0.3048626781 0.0000058040
-0.3051555455 0.0000001818
0.3101400733 0.0000015904
0.3100206554 0.0000002873
0.3084951341 0.0000034474
0.3074134588 0.0000013826
0.3060093224 0.0000006944
0.3052437007 0.0000029695
0.3038320243 0.0000050560
0.3030837476 0.0000004862
0.3015041947 0.0000003820
-0.3035636842 0.0000012894
-0.3023041189 0.0000011246
-0.3013801873 0.0000030505
-0.3011152446 0.0000000766
-0.2994313836 0.0000003902
-0.2983755171 0.0000037909
-0.2961548865 0.0000038311
-0.2967364490 0.0000000353
-0.2944324315 0.0000050351
-0.2947358489 0.0000000705
-0.2929775119 0.0000007746
-0.2907195687 0.0000150279
-0.2897109091 0.0000000003
-0.2882887125 0.0000041504
-0.2873807847 0.0000000276
0.3008792698 0.0000014249
0.3006079495 0.0000030616
0.2994264364 0.0000001342
0.2965560257 0.0000048857
0.2958526015 0.0000014100
0.2947119772 0.0000005701
0.2944818139 0.0000014882
0.2936024070 0.0000007603
0.2919518650 0.0000017006
0.2908756435 0.0000029670
-0.2856869996 0.0000000000
-0.2845413089 0.0000000005
-0.2833842039 0.0000096617
-0.2828960419 0.0000018835
-0.2822453082 0.0000004502
-0.2808405161 0.0000050731
-0.2804786563 0.0000007797
-0.2792911232 0.0000011312
-0.2769377828 0.0000040365
-0.2775472105 0.0000000174
0.2898043096 0.0000004278
0.2882891297 0.0000000198
0.2874162495 0.0000001107
0.2862280607 0.0000020201
0.2856149673 0.0000012858
0.2835671604 0.0000041970
0.2832509577 0.0000061665
0.2824888229 0.0000024491
0.2818066180 0.0000003601
-0.2749207318 0.0000081786
-0.2746778131 0.0000073722
-0.2736668289 0.0000000004
-0.2727670372 0.0000008515
-0.2714919448 0.0000028009
-0.2695241570 0.0000052004
-0.2704718709 0.0000014224
-0.2703329027 0.0000003885
0.2800538242 0.0000024558
0.2790166438 0.0000041440
0.2780177295 0.0000024737
0.2763945162 0.0000024748
0.2761599422 0.0000000253
0.2755857706 0.0000000929
0.2745898962 0.0000001770
0.2742909789 0.0000040888
0.2733661532 0.0000003577
-0.2679122686 0.0000002346
-0.2670499682 0.0000042417
-0.2661721110 0.0000000000
-0.2644712329 0.0000030010
-0.2638659477 0.0000009867
-0.2639712095 0.0000002225
-0.2630694807 0.0000000156
0.2720272839 0.0000018735
0.2712219656 0.0000030402
0.2679866850 0.0000022250
0.2695906162 0.0000003426
0.2687781155 0.0000040707
0.2691686749 0.0000024020
0.2690404356 0.0000000137
-0.2624675632 0.0000002510
-0.2619723380 0.0000006229
-0.2608063519 0.0000002170
-0.2599008083 0.0000043700
-0.2580944896 0.0000065884
-0.2589839697 0.0000001214
0.2673940659 0.0000022616
0.2658551931 0.0000006458
0.2652889490 0.0000012902
0.2643772066 0.0000002069
0.2641514540 0.0000003490
0.2635009885 0.0000005917
0.2628206015 0.0000063177
0.2623164952 0.0000045445
0.2612237036 0.0000081405
0.2604852021 0.0000062219
0.2593128383 0.0000063791
0.2585482001 0.0000122391
0.2587316930 0.0000005556
-0.2571698725 0.0000000005
-0.2564316094 0.0000020437
-0.2557051182 0.0000061884
-0.2554049790 0.0000046240
-0.2548724413 0.0000036614
-0.2545921504 0.0000141781
-0.2533538342 0.0000141234
-0.2538192868 0.0000000155
0.2580548227 0.0000000857
0.2561174333 0.0000005650
0.2570438683 0.0000177042
0.2567465007 0.0000001107
-0.2528111041 0.0000022013
-0.2521090209 0.0000041216
-0.2497623563 0.0000009095
-0.2514620423 0.0000016233
-0.2512031794 0.0000101345
-0.2509206533 0.0000008711
0.2555937767 0.0000001399
0.2545434833 0.0000005027
0.2534927726 0.0000193391
0.2537595928 0.0000055757
-0.2487345040 0.0000000322
-0.2480108440 0.0000002202
-0.2476624548 0.0000005791
-0.2472056448 0.0000006607
-0.2451418191 0.0000106009
0.2524882853 0.0000043756
0.2520895600 0.0000062616
0.2515044808 0.0000072369
0.2506316900 0.0000004225
0.2493868917 0.0000007476
0.2496116608 0.0000000262
0.2484328300 0.0000001755
0.2472500801 0.0000040924
0.2458066940 0.0000011016
0.2455053926 0.0000022776
0.2449969351 0.0000006681
-0.2445206791 0.0000010247
-0.2441517115 0.0000016460
-0.2439938784 0.0000000612
-0.2433664948 0.0000034972
-0.2424239069 0.0000029910
-0.2427558303 0.0000006087
-0.2413709164 0.0000007575
-0.2410961241 0.0000012906
-0.2400852740 0.0000006451
-0.2394349724 0.0000070746
-0.2390176207 0.0000000032
-0.2383792549 0.0000006054
-0.2374018878 0.0000002429
-0.2379966229 0.0000000032
0.2444120049 0.0000007817
0.2440764606 0.0000006527
0.2433061302 0.0000001954
0.2429482788 0.0000083311
0.2430771440 0.0000010898
0.2417710721 0.0000068682
0.2413459867 0.0000000063
0.2407770008 0.0000000468
0.2405583113 0.0000015796
-0.2369892895 0.0000000296
-0.2365340143 0.0000001174
-0.2359017432 0.0000003580
-0.2351051867 0.0000032848
-0.2348096818 0.0000005207
-0.2343150973 0.0000035770
-0.2338766158 0.0000001139
0.2397943586 0.0000027690
0.2395470887 0.0000024848
0.2390647680 0.0000051940
0.2385626882 0.0000029975
0.2378763407 0.0000042411
0.2377278954 0.0000000020
0.2364977896 0.0000027727
0.2356364280 0.0000032493
0.2351930439 0.0000003322
0.2349122614 0.0000002991
-0.2332830131 0.0000009409
-0.2330637425 0.0000010974
-0.2321594805 0.0000006817
-0.2314645499 0.0000000120
-0.2316722721 0.0000001499
-0.2319217026 0.0000000012
-0.2305182070 0.0000012442
-0.2298438698 0.0000018056
-0.2294231802 0.0000030748
-0.2289597839 0.0000067281
0.2345659882 0.0000053853
0.2340271175 0.0000026581
0.2333747149 0.0000054172
0.2330881506 0.0000054023
0.2322488427 0.0000131743
0.2326731086 0.0000080974
-0.2288688272 0.0000010281
-0.2283817381 0.0000000427
-0.2279638499 0.0000005308
-0.2275238335 0.0000010407
-0.2267082930 0.0000006686
0.2306368798 0.0000010125
0.2310352474 0.0000005472
0.2318398654 0.0000005494
0.2316861749 0.0000024312
0.2314763814 0.0000045013
-0.2262055129 0.0000047263
-0.2258805037 0.0000032249
-0.2255403996 0.0000019699
0.2303141952 0.0000003037
0.2292443067 0.0000017618
0.2294784039 0.0000032421
0.2281866223 0.0000002292
0.2283727080 0.0000104644
0.2279829532 0.0000002276
0.2276907116 0.0000000063
0.2271886319 0.0000007696
0.2267327309 0.0000017563
0.2259639651 0.0000004024
-0.2241964638 0.0000043940
-0.2238172293 0.0000008113
-0.2245275676 0.0000017192
-0.2245535403 0.0000000769
-0.2224562019 0.0000124978
-0.2230111361 0.0000056498
-0.2227826267 0.0000005439
0.2254955471 0.0000002419
0.2228548676 0.0000061832
0.2250748575 0.0000028355
0.2245452553 0.0000011281
0.2233648747 0.0000038952
0.2239350528 0.0000049454
-0.2197395116 0.0000017253
-0.2221332788 0.0000001982
-0.2215949744 0.0000107765
-0.2202481776 0.0000004691
-0.2210960239 0.0000029722
-0.2206568122 0.0000000671
0.2239020616 0.0000003224
-0.2190980762 0.0000068510
0.2219666690 0.0000000656
0.2224283516 0.0000000805
0.2206784040 0.0000011707
0.2213810682 0.0000001556
-0.2173387110 0.0000094848
-0.2177579105 0.0000007279
-0.2183298618 0.0000000104
-0.2184514701 0.0000000300
0.2203209102 0.0000008888
0.2197864801 0.0000081084
0.2193446457 0.0000000984
-0.2156553566 0.0000124143
-0.2169144750 0.0000026042
-0.2167511284 0.0000049491
-0.2158110291 0.0000004726
-0.2150495201 0.0000098502
-0.2148676217 0.0000024811
0.2189441770 0.0000001214
0.2172336578 0.0000087840
0.2173585743 0.0000078732
0.2184684575 0.0000049717
0.2182911038 0.0000019293
0.2178791910 0.0000001585
-0.2136277705 0.0000107895
-0.2139436156 0.0000071961
-0.2141427696 0.0000001745
0.2170809954 0.0000048144
0.2162168622 0.0000004967
0.2164117843 0.0000000479
-0.2131684273 0.0000001742
-0.2119022161 0.0000004993
-0.2123386115 0.0000023766
-0.2123746723 0.0000023015
0.2155816406 0.0000009931
0.2152687609 0.0000037889
0.2142717242 0.0000019173
0.2149335295 0.0000003977
0.2140149623 0.0000038845
0.2135351151 0.0000005694
0.2115882039 0.0000034988
0.2115061134 0.0000038556
-0.2070444375 0.0000143510
-0.2113074064 0.0000012843
-0.2110234797 0.0000018937
-0.2105071545 0.0000007355
-0.2089111358 0.0000110417
-0.2100210786 0.0000002079
-0.2096589506 0.0000016045
-0.2093120664 0.0000005688
0.2106404901 0.0000068542
0.2121772170 0.0000116548
0.2130221128 0.0000000414
0.2128368467 0.0000013280
0.2111466825 0.0000048120
-0.2073227167 0.0000003116
-0.2083582580 0.0000015295
-0.2077999264 0.0000000820
-0.2080716789 0.0000007532
0.2090857625 0.0000067237
0.2103623748 0.0000047601
0.2094690502 0.0000070924
0.2097238898 0.0000045281
0.2100331932 0.0000054403
0.2099640667 0.0000012053
-0.2065019310 0.0000017044
-0.2061811239 0.0000003972
-0.2051618546 0.0000029951
-0.2055688202 0.0000001139
0.2088489830 0.0000018069
0.2079504877 0.0000126799
0.2077950388 0.0000041044
0.2075385004 0.0000006634
0.2062441707 0.0000040786
0.2067954391 0.0000042596
0.2066774666 0.0000005510
-0.2046445906 0.0000013547
-0.2043314576 0.0000003650
-0.2039957941 0.0000020756
-0.2038570493 0.0000059426
-0.2032779157 0.0000004424
-0.2035472989 0.0000002001
0.2058712244 0.0000000139
0.2057449967 0.0000016993
0.2052217424 0.0000014706
0.2049953938 0.0000006556
0.2039795667 0.0000134179
0.2037526965 0.0000129070
0.2046481818 0.0000000313
-0.1998399198 0.0000024415
-0.2002084702 0.0000005688
-0.2028676271 0.0000010205
-0.2025423795 0.0000009202
-0.2023596466 0.0000016847
-0.2010003179 0.0000155274
-0.2016602904 0.0000027064
-0.2018877566 0.0000001196
-0.2004488707 0.0000040425
-0.2011396140 0.0000032113
0.2012309730 0.0000081015
0.2017684430 0.0000023112
0.2020439506 0.0000002744
0.2024392337 0.0000004400
0.2026730627 0.0000005051
0.2028984725 0.0000012346
0.2033870667 0.0000000353
0.2031427622 0.0000000425
-0.1995348036 0.0000030975
0.2008782178 0.0000019771
-0.1982095242 0.0000005463
-0.1986763924 0.0000011404
-0.1988558024 0.0000000178
0.1998548359 0.0000019919
0.2003106475 0.0000003704
0.2002191544 0.0000011050
-0.1974768937 0.0000039846
-0.1977709383 0.0000006677
-0.1983073801 0.0000000035
0.1986297965 0.0000011451
0.1991261840 0.0000002062
0.1988018602 0.0000000743
-0.1964627951 0.0000043226
-0.1968262196 0.0000023006
-0.1973443180 0.0000005036
-0.1961193383 0.0000001282
-0.1958709955 0.0000000532
0.1981128156 0.0000000379
0.1971837133 0.0000006388
0.1975609958 0.0000001563
0.1974318027 0.0000000376
0.1967551112 0.0000003980
0.1962778568 0.0000039860
0.1959924698 0.0000012572
-0.1953709275 0.0000000048
-0.1947181076 0.0000019086
-0.1951887757 0.0000014630
-0.1949494928 0.0000001045
-0.1943679154 0.0000034900
-0.1942305267 0.0000059040
-0.1939390600 0.0000035910
0.1957477480 0.0000003347
0.1951297224 0.0000027710
0.1950822771 0.0000052703
0.1945514679 0.0000038653
0.1947966367 0.0000001884
-0.1930131465 0.0000006573
-0.1934424192 0.0000003400
-0.1935545057 0.0000000362
-0.1921750456 0.0000008789
-0.1915565580 0.0000006531
-0.1917501539 0.0000013249
-0.1918228418 0.0000001711
0.1941049993 0.0000000468
0.1925484985 0.0000035917
0.1936960220 0.0000003976
0.1927840263 0.0000027610
0.1936100274 0.0000004620
0.1929730326 0.0000039052
0.1932956129 0.0000011439
-0.1899898499 0.0000079830
-0.1931688786 0.0000000002
-0.1907590032 0.0000005703
-0.1913767457 0.0000008171
-0.1913231313 0.0000000088
0.1918705255 0.0000200532
0.1919965893 0.0000001251
0.1906429529 0.0000015707
0.1909205019 0.0000042722
0.1913848817 0.0000001462
0.1912087798 0.0000000105
-0.1896575987 0.0000030369
0.1901659667 0.0000020888
-0.1892624050 0.0000014911
-0.1890521944 0.0000020956
-0.1887111664 0.0000000218
0.1893241853 0.0000060271
0.1897422969 0.0000000824
-0.1881334782 0.0000020493
-0.1883931607 0.0000011078
0.1886300594 0.0000069171
0.1889138967 0.0000131678
0.1890737563 0.0000000001
0.1881750375 0.0000051703
0.1883744448 0.0000000095
-0.1880110800 0.0000041298
-0.1876693517 0.0000003850
-0.1869408190 0.0000007917
-0.1873957664 0.0000000084
-0.1866278052 0.0000004495
-0.1864278615 0.0000009096
-0.1859975010 0.0000021866
0.1842094362 0.0000047925
0.1878708899 0.0000040037
0.1876229346 0.0000002614
0.1875635833 0.0000005186
0.1856160462 0.0000115317
0.1869774908 0.0000033593
0.1867695898 0.0000003042
0.1864264309 0.0000002530
0.1843783855 0.0000005939
0.1860238016 0.0000015940
-0.1858285069 0.0000000855
-0.1808742434 0.0000003893
-0.1810706407 0.0000001972
-0.1815032363 0.0000152821
-0.1850306988 0.0000013412
-0.1853091419 0.0000006090
-0.1852430254 0.0000009654
-0.1834904850 0.0000045056
-0.1841201037 0.0000017718
-0.1839276552 0.0000014280
-0.1843909323 0.0000000811
-0.1829412431 0.0000005961
-0.1821213663 0.0000144384
-0.1823336780 0.0000023862
-0.1824293286 0.0000047074
0.1858065277 0.0000012424
0.1852999628 0.0000000845
0.1849698126 0.0000000018
-0.1854937673 0.0000000322
-0.1849073619 0.0000000775
-0.1818314493 0.0000000000
-0.1832097918 0.0000000126
0.1833273172 0.0000021873
0.1835212559 0.0000095308
0.1837046593 0.0000076142
0.1839905977 0.0000001327
0.1830742806 0.0000003233
0.1832320392 0.0000020875
0.1823662668 0.0000148031
0.1825094819 0.0000005890
0.1825803220 0.0000001810
0.1819720268 0.0000010727
0.1810095012 0.0000151137
0.1812548488 0.0000006578
0.1814059466 0.0000020257
0.1806954145 0.0000000908
0.1809516996 0.0000021787
-0.1800552309 0.0000063888
-0.1803535670 0.0000010506
-0.1808320284 0.0000000478
0.1797025204 0.0000014374
0.1799375862 0.0000034931
0.1802910119 0.0000012007
-0.1788822114 0.0000011528
-0.1797915250 0.0000000526
-0.1796275973 0.0000017869
-0.1794260740 0.0000016494
-0.1792497635 0.0000000455
0.1786236465 0.0000010494
0.1793979704 0.0000012079
0.1790169775 0.0000000163
0.1791650802 0.0000000029
-0.1787126958 0.0000045513
-0.1781957895 0.0000000851
0.1784533262 0.0000057997
0.1782998443 0.0000000926
0.1780817807 0.0000000439
0.1776982844 0.0000140733
0.1769697368 0.0000008801
0.1767250299 0.0000005799
0.1762787849 0.0000020921
0.1777537614 0.0000014883
0.1777291149 0.0000015714
-0.1764475703 0.0000080775
-0.1777915210 0.0000034501
-0.1766232997 0.0000028418
-0.1777177900 0.0000000183
-0.1768333614 0.0000015622
-0.1770603955 0.0000013650
-0.1774100810 0.0000030789
-0.1773759574 0.0000003074
0.1768545806 0.0000000070
0.1748115569 0.0000012639
0.1749933958 0.0000001904
0.1761385947 0.0000000177
0.1759446114 0.0000006741
0.1756949127 0.0000022398
0.1752850860 0.0000064216
-0.1759415567 0.0000018040
-0.1757842004 0.0000003490
-0.1754499823 0.0000007256
-0.1755439937 0.0000000975
-0.1761663705 0.0000000002
-0.1752153337 0.0000019683
0.1744883657 0.0000063144
0.1745898724 0.0000000897
-0.1745530814 0.0000006088
-0.1742199063 0.0000045053
-0.1743696481 0.0000003593
0.1738939434 0.0000210109
0.1742546856 0.0000019227
0.1740464568 0.0000000320
0.1726251990 0.0000020558
0.1732922792 0.0000036562
0.1731423438 0.0000000123
0.1734598130 0.0000000008
0.1724055856 0.0000001161
-0.1739245355 0.0000069121
-0.1737856567 0.0000013948
-0.1735278517 0.0000043290
-0.1734012365 0.0000043099
-0.1730286777 0.0000019839
-0.1729573607 0.0000014884
0.1709956825 0.0000025123
0.1720798910 0.0000016387
0.1721574962 0.0000001327
0.1717458218 0.0000132066
0.1712061018 0.0000029109
0.1715784371 0.0000077200
0.1713685840 0.0000016583
-0.1713905036 0.0000022723
-0.1725822985 0.0000005072
-0.1717411578 0.0000000860
-0.1719250083 0.0000198184
-0.1719898134 0.0000025749
-0.1723833233 0.0000012655
-0.1723910570 0.0000004795
0.1708569527 0.0000038743
0.1706372797 0.0000046818
-0.1708995849 0.0000042408
-0.1710613817 0.0000000067
-0.1705692708 0.0000009959
-0.1704144627 0.0000003134
0.1705029905 0.0000007115
0.1702608913 0.0000009921
-0.1702059805 0.0000019255
-0.1700529307 0.0000012305
-0.1697881073 0.0000019655
-0.1695437282 0.0000037924
0.1668260694 0.0000053838
0.1672848016 0.0000075360
0.1685821116 0.0000101480
0.1693792492 0.0000028257
0.1700560600 0.0000003921
0.1698507071 0.0000001615
-0.1690291017 0.0000023292
-0.1689371616 0.0000002170
-0.1684371382 0.0000006456
-0.1685665697 0.0000060312
-0.1686467975 0.0000035662
-0.1679681540 0.0000124285
0.1699507833 0.0000004173
0.1690454334 0.0000015714
0.1688258350 0.0000044695
0.1679615825 0.0000046686
0.1669833213 0.0000001507
0.1681183428 0.0000000716
-0.1691874713 0.0000000001
-0.1677497476 0.0000012568
-0.1638366878 0.0000043680
-0.1638905704 0.0000002824
-0.1641305238 0.0000009784
-0.1643794179 0.0000011143
-0.1647668183 0.0000041842
-0.1673039645 0.0000008165
-0.1675977260 0.0000000986
-0.1671186984 0.0000011056
-0.1665792465 0.0000039661
-0.1669785678 0.0000003120
-0.1651649624 0.0000005934
-0.1653576642 0.0000005853
-0.1655170619 0.0000075499
-0.1657244563 0.0000255455
0.1672412455 0.0000004235
-0.1645074487 0.0000000008
0.1677756160 0.0000047468
-0.1660962850 0.0000000248
-0.1661689728 0.0000000140
-0.1664438844 0.0000020264
-0.1664482057 0.0000039773
0.1692815125 0.0000000003
0.1677752435 0.0000022396
-0.1635102332 0.0000001102
0.1662588716 0.0000061481
0.1665997058 0.0000019112
0.1665099710 0.0000000728
0.1660768688 0.0000011274
0.1659543067 0.0000070755
0.1654704511 0.0000058929
0.1653085798 0.0000105354
-0.1632591337 0.0000001480
-0.1631932110 0.0000004403
-0.1631330103 0.0000020288
-0.1628176421 0.0000001510
-0.1619684994 0.0000110343
-0.1620993018 0.0000063763
-0.1622801721 0.0000021797
-0.1624952406 0.0000004381
-0.1624790281 0.0000014419
-0.1614867002 0.0000029325
-0.1617985368 0.0000075990
-0.1617868394 0.0000011798
0.1650357693 0.0000002985
0.1650095582 0.0000010109
0.1636779755 0.0000194456
0.1647812277 0.0000000838
0.1645086259 0.0000001326
0.1639512032 0.0000064975
0.1639151871 0.0000047094
0.1640503854 0.0000003410
0.1643418074 0.0000087239
0.1642314792 0.0000003289
-0.1607548743 0.0000039243
-0.1609985530 0.0000003691
-0.1610917002 0.0000000266
0.1633439809 0.0000003746
0.1630731821 0.0000084072
-0.1603080332 0.0000001717
-0.1605198085 0.0000000847
-0.1604827195 0.0000031006
0.1629538387 0.0000000669
0.1626584977 0.0000035251
0.1625666916 0.0000029703
0.1623632312 0.0000034107
0.1621115059 0.0000111791
-0.1613892168 0.0000000000
-0.1587430835 0.0000020223
-0.1599678248 0.0000000138
-0.1597423851 0.0000003980
-0.1594022959 0.0000013866
-0.1595348418 0.0000008615
-0.1590061337 0.0000002658
-0.1590853035 0.0000000929
0.1618852466 0.0000000908
0.1618501693 0.0000011211
0.1607308835 0.0000040648
0.1608114243 0.0000005801
0.1609132737 0.0000008376
0.1611955762 0.0000009576
0.1616351604 0.0000000804
0.1615431458 0.0000011423
0.1613626182 0.0000010257
-0.1584486961 0.0000061831
-0.1585437953 0.0000011093
-0.1585133523 0.0000006985
0.1602969468 0.0000084976
0.1603755206 0.0000000052
-0.1582229137 0.0000027938
-0.1581808180 0.0000001787
0.1594934165 0.0000070680
0.1598014832 0.0000053285
0.1599090248 0.0000118175
-0.1570035964 0.0000039452
-0.1571920663 0.0000021355
-0.1577867419 0.0000045413
-0.1576463133 0.0000007210
-0.1574839950 0.0000000234
-0.1573903412 0.0000008601
0.1589231342 0.0000005911
0.1591714770 0.0000045020
0.1596274376 0.0000000337
0.1601867825 0.0000000023
-0.1565990001 0.0000008225
-0.1563702971 0.0000031994
-0.1564777642 0.0000012725
0.1587619781 0.0000009846
0.1584080011 0.0000010228
0.1580176950 0.0000015151
0.1579878181 0.0000033576
0.1585929990 0.0000080919
-0.1556119472 0.0000002445
-0.1560138911 0.0000075759
-0.1559090316 0.0000010724
-0.1557481140 0.0000036606
-0.1557791680 0.0000002393
0.1577711105 0.0000034586
-0.1550294310 0.0000007151
-0.1552039832 0.0000007329
0.1574175656 0.0000130865
0.1575881243 0.0000009670
0.1572800875 0.0000091223
0.1569577754 0.0000001177
0.1566727906 0.0000026300
0.1567691267 0.0000090077
-0.1538895369 0.0000004990
-0.1548438817 0.0000001698
-0.1547327638 0.0000000418
-0.1542649865 0.0000011784
-0.1544281393 0.0000000134
-0.1545518190 0.0000000373
0.1568889171 0.0000096314
0.1564379334 0.0000009261
0.1555929035 0.0000096371
0.1558623165 0.0000002410
0.1561601758 0.0000011065
0.1560987532 0.0000035399
-0.1540238261 0.0000000003
-0.1534354538 0.0000049712
-0.1535269618 0.0000024260
-0.1536552608 0.0000000048
-0.1523932219 0.0000133912
-0.1531314552 0.0000000366
-0.1525156349 0.0000013130
-0.1529375315 0.0000046335
-0.1526673734 0.0000000155
-0.1528628170 0.0000001287
0.1553945839 0.0000013043
0.1546792686 0.0000101768
0.1548565477 0.0000012598
0.1551061422 0.0000022888
0.1552693844 0.0000000174
0.1538495421 0.0000075382
0.1540883332 0.0000005650
0.1541658342 0.0000012834
0.1543799192 0.0000001007
0.1544406414 0.0000003815
0.1547315419 0.0000006092
-0.1509693414 0.0000054463
-0.1513267308 0.0000064649
-0.1519356817 0.0000001475
-0.1517296880 0.0000037030
-0.1517881155 0.0000012177
-0.1520707905 0.0000000029
-0.1514501572 0.0000009202
-0.1512756050 0.0000007893
-0.1509220004 0.0000000189
-0.1506957263 0.0000020307
-0.1503107250 0.0000024115
-0.1504372060 0.0000017632
-0.1428050548 0.0000029609
-0.1431140006 0.0000006230
-0.1497842520 0.0000065504
-0.1498554349 0.0000001041
0.1341575831 0.0000051659
-0.1432599276 0.0000016096
-0.1434291303 0.0000055980
-0.1490052938 0.0000028899
-0.1495453864 0.0000020831
-0.1492401212 0.0000026182
-0.1493019164 0.0000001605
0.1534081399 0.0000123849
0.1537347734 0.0000038632
0.1538512707 0.0000000019
-0.1435180455 0.0000000728
-0.1484038681 0.0000031305
-0.1485560685 0.0000081026
-0.1493965089 0.0000000818
-0.1490632296 0.0000000343
0.1357627958 0.0000014771
-0.1436779499 0.0000000881
-0.1438761950 0.0000002855
-0.1439599544 0.0000006866
-0.1446282715 0.0000004269
-0.1445607990 0.0000030477
-0.1482027918 0.0000002638
-0.1486722529 0.0000000005
0.1532216966 0.0000012010
-0.1480295062 0.0000003829
-0.1449784040 0.0000003549
-0.1447837651 0.0000113143
0.1368235201 0.0000000045
0.1529717445 0.0000031028
0.1527955085 0.0000003535
0.1527462453 0.0000028912
-0.1478726119 0.0000002226
-0.1451833546 0.0000001479
-0.1441655457 0.0000047836
-0.1442121118 0.0000002624
-0.1440420598 0.0000004185
-0.1477619112 0.0000000913
-0.1476503760 0.0000005007
-0.1455281526 0.0000001880
-0.1454425156 0.0000117466
-0.1474692672 0.0000046262
-0.1470743269 0.0000007144
-0.1467337310 0.0000047026
-0.1466676593 0.0000064835
-0.1459342241 0.0000007185
-0.1463175416 0.0000034544
-0.1460168064 0.0000022799
-0.1473719031 0.0000029845
-0.1472555250 0.0000011785
-0.1460894197 0.0000001720
0.1525443494 0.0000002485
-0.1454108208 0.0000029554
0.1522839814 0.0000009769
0.1521273404 0.0000029182
0.1519714445 0.0000013050
0.1518352181 0.0000038666
0.1517657638 0.0000001964
-0.1465290040 0.0000035027
-0.1464753747 0.0000002106
0.1501435339 0.0000006644
0.1503493190 0.0000014366
0.1521565616 0.0000001236
0.1507711858 0.0000015026
0.1508942395 0.0000003385
0.1509084851 0.0000002799
0.1516169310 0.0000003100
0.1515679806 0.0000003542
0.1513545215 0.0000277443
0.1512034684 0.0000000527
0.1499369442 0.0000005543
0.1502921134 0.0000077729
0.1386329830 0.0000022373
0.1392153949 0.0000001946
0.1488702297 0.0000013944
0.1498641670 0.0000004162
0.1497348398 0.0000028802
0.1494299173 0.0000026437
0.1390794665 0.0000069769
0.1393684298 0.0000036548
0.1395414174 0.0000000178
0.1400718689 0.0000005344
0.1399223506 0.0000007877
0.1403243244 0.0000001240
0.1496133059 0.0000000128
0.1493473649 0.0000025013
0.1490597576 0.0000000019
0.1486090720 0.0000015359
0.1487669200 0.0000001065
0.1484256983 0.0000005837
0.1481612474 0.0000265665
0.1480295956 0.0000005186
0.1405175626 0.0000000921
0.1404928714 0.0000009936
0.1478318870 0.0000013670
0.1477549374 0.0000020417
0.1409875304 0.0000000164
0.1411329806 0.0000007698
0.1413002312 0.0000027129
0.1413628459 0.0000043927
0.1476185173 0.0000005454
0.1473823190 0.0000067396
0.1472593099 0.0000035428
0.1462961733 0.0000025041
0.1467246264 0.0000016604
0.1470204592 0.0000013911
0.1467998177 0.0000000148
0.1415336728 0.0000123540
0.1468530595 0.0000000004
0.1461398751 0.0000002231
0.1458894163 0.0000018503
0.1417078823 0.0000007484
0.1422688216 0.0000000088
0.1420879811 0.0000001465
0.1418145448 0.0000001014
0.1418326199 0.0000000078
0.1419737339 0.0000000078
0.1459635198 0.0000015969
0.1458074450 0.0000000003
0.1455722302 0.0000000019
0.1443457901 0.0000011740
0.1453982592 0.0000008681
0.1447273344 0.0000021041
0.1452321261 0.0000002913
0.1452908665 0.0000000035
0.1423922926 0.0000000056
0.1425338387 0.0000000650
0.1428437382 0.0000003738
0.1449859887 0.0000036494
0.1449280381 0.0000007061
0.1447921693 0.0000000345
0.1434494406 0.0000058002
0.1436578035 0.0000015746
0.1440225989 0.0000070419
0.1441227943 0.0000024181
0.1441775411 0.0000007781
0.1442853808 0.0000000046
0.1429861188 0.0000000273
0.1431233436 0.0000019219
0.1430800259 0.0000105765
0.1437194049 0.0000000010
0.1426663995 0.0000008670
-0.1384090036 0.0000048987
-0.1386747509 0.0000027451
-0.1395194232 0.0000001868
-0.1396269798 0.0000017362
-0.1399885267 0.0000000185
-0.1401073039 0.0000043289
-0.1402987987 0.0000019221
-0.1405165046 0.0000018751
-0.1407126188 0.0000040134
-0.1405936629 0.0000002287
-0.1409276426 0.0000000463
-0.1410944611 0.0000003995
-0.1412056386 0.0000005834
-0.1414066553 0.0000040025
-0.1415933073 0.0000016940
0.1388890743 0.0000001892
-0.1417659670 0.0000064627
-0.1419261694 0.0000000476
-0.1422621757 0.0000055899
-0.1427005529 0.0000093073
-0.1425394118 0.0000001264
-0.1422001272 0.0000005861
-0.1423580945 0.0000011723
0.1401394010 0.0000004543
-0.1420543492 0.0000001548
0.1406033039 0.0000145628
0.1407213062 0.0000001403
-0.1383129507 0.0000023183
-0.1383795440 0.0000006241
-0.1388421804 0.0000011364
-0.1390963197 0.0000032170
-0.1392755657 0.0000027906
-0.1393810511 0.0000000504
-0.1397109628 0.0000112083
-0.1401339471 0.0000000832
0.1340419203 0.0000029741
0.1344624907 0.0000008414
0.1344175935 0.0000001362
0.1346882433 0.0000020452
0.1349114478 0.0000015559
0.1349910349 0.0000093714
0.1350752115 0.0000004075
0.1352546066 0.0000000454
0.1358448863 0.0000015664
0.1363672912 0.0000020216
0.1364303678 0.0000073141
0.1365411133 0.0000024010
0.1370346844 0.0000012585
0.1371563524 0.0000001433
0.1373532563 0.0000000390
0.1374097019 0.0000060869
0.1376315504 0.0000009679
0.1377796978 0.0000023624
0.1378658265 0.0000027281
0.1382324696 0.0000016620
0.1381313205 0.0000039962
0.1380926967 0.0000004579
0.1383776069 0.0000008625
0.1390087157 0.0000000399
0.1385281235 0.0000016820
0.1386783719 0.0000004193
-0.1309471875 0.0000141741
-0.1350465417 0.0000057064
-0.1352647692 0.0000024644
-0.1355285197 0.0000028806
-0.1354834437 0.0000007384
-0.1356232017 0.0000005777
-0.1357318163 0.0000155011
-0.1358681321 0.0000068118
-0.1359492093 0.0000033377
-0.1361806989 0.0000006313
-0.1368217915 0.0000038533
-0.1366947889 0.0000048125
-0.1371941566 0.0000008964
-0.1372515559 0.0000003153
-0.1364649385 0.0000125817
-0.1364383847 0.0000013496
-0.1360067874 0.0000000210
-0.1378818601 0.0000002760
-0.1378178298 0.0000011682
0.1353362948 0.0000000321
-0.1381366998 0.0000001016
0.1355630010 0.0000006906
0.1359356493 0.0000004436
-0.1375160366 0.0000010781
-0.1376018822 0.0000001305
-0.1363995075 0.0000000351
0.1364855170 0.0000120319
-0.1374596804 0.0000001199
0.1363898814 0.0000033520
-0.1311201900 0.0000108355
-0.1312461048 0.0000030235
-0.1317936629 0.0000006502
-0.1328784078 0.0000006645
0.1287759244 0.0000023410
0.1288732588 0.0000031490
-0.1330472231 0.0000031314
-0.1331117600 0.0000035488
-0.1331863999 0.0000011038
-0.1333800107 0.0000017533
-0.1334486306 0.0000054775
-0.1336417198 0.0000006630
-0.1336542368 0.0000004226
-0.1347996294 0.0000043298
-0.1339552253 0.0000000016
-0.1342598796 0.0000003644
-0.1347809136 0.0000066882
-0.1344352216 0.0000061209
-0.1344674677 0.0000098445
-0.1345166117 0.0000013461
0.1318102628 0.0000029236
0.1317325681 0.0000004820
0.1320455223 0.0000007408
0.1321524680 0.0000022724
-0.1340530068 0.0000000003
0.1322359592 0.0000148973
0.1324442923 0.0000018826
0.1325311959 0.0000000010
0.1327111125 0.0000005107
0.1328044385 0.0000028425
0.1329469234 0.0000019991
0.1329221278 0.0000002040
0.1335760057 0.0000015331
0.1337504536 0.0000010876
0.1338445991 0.0000044203
0.1330644786 0.0000009174
0.1332407296 0.0000002263
0.1334848553 0.0000002030
0.1333371848 0.0000000063
0.1343484521 0.0000000018
-0.1304853410 0.0000048436
-0.1313327849 0.0000005268
0.1268662363 0.0000039990
-0.1315868199 0.0000007713
-0.1316523254 0.0000000415
0.1270477921 0.0000018756
0.1270770729 0.0000003027
0.1273802370 0.0000000178
0.1273087859 0.0000002888
-0.1318646818 0.0000073282
0.1274950206 0.0000003923
0.1277065575 0.0000009098
0.1277472675 0.0000013823
-0.1321908087 0.0000012106
-0.1320913285 0.0000012904
-0.1320754290 0.0000004388
-0.1326881498 0.0000027757
-0.1322975755 0.0000000477
-0.1323657334 0.0000002963
0.1280916631 0.0000003486
-0.1325296313 0.0000026396
0.1285872757 0.0000019875
0.1290858537 0.0000009671
0.1291204840 0.0000009664
0.1298424155 0.0000020655
0.1301309913 0.0000016039
0.1302150488 0.0000028927
0.1304862201 0.0000013466
0.1306085885 0.0000034892
0.1298063695 0.0000003802
0.1313910782 0.0000003849
0.1311926544 0.0000016717
0.1310674846 0.0000054403
0.1310497969 0.0000136162
0.1307580769 0.0000000792
0.1308023930 0.0000022656
0.1316481382 0.0000000002
0.1317515075 0.0000000122
-0.1290200204 0.0000002676
-0.1290278435 0.0000001465
-0.1295859963 0.0000112784
-0.1291544437 0.0000003363
-0.1293890029 0.0000003499
-0.1292783618 0.0000000228
-0.1301215738 0.0000049031
-0.1298095286 0.0000003022
-0.1298669577 0.0000045201
-0.1302773356 0.0000027442
-0.1299938411 0.0000011363
-0.1299370676 0.0000015362
-0.1306345761 0.0000069276
-0.1302433759 0.0000029591
-0.1308744401 0.0000005155
0.1278690845 0.0000011631
0.1279949099 0.0000013033
0.1280407757 0.0000001879
0.1293638796 0.0000006955
0.1282121539 0.0000019918
0.1282457709 0.0000017143
0.1284186989 0.0000035231
0.1284750998 0.0000013226
0.1294120252 0.0000000204
0.1295678467 0.0000000067
0.1297081262 0.0000028694
0.1298248470 0.0000000267
-0.1241174489 0.0000040451
-0.1262957156 0.0000018421
-0.1264910549 0.0000095630
-0.1267586797 0.0000019005
-0.1268215775 0.0000004295
-0.1269742996 0.0000032668
-0.1269038469 0.0000000560
-0.1271472871 0.0000017967
-0.1272687614 0.0000033739
-0.1273394376 0.0000010773
0.1232668757 0.0000071202
-0.1275865138 0.0000003699
-0.1276525855 0.0000003657
0.1245319545 0.0000142821
-0.1281223148 0.0000038468
-0.1279973835 0.0000023219
-0.1278440207 0.0000000025
-0.1277203411 0.0000000211
-0.1282460988 0.0000073343
0.1246557310 0.0000003889
0.1249467731 0.0000130004
-0.1286296546 0.0000014313
-0.1287318617 0.0000013483
0.1253991574 0.0000024035
-0.1288105100 0.0000022651
-0.1284625530 0.0000006111
-0.1283098906 0.0000000742
-0.1284283549 0.0000001560
0.1253278553 0.0000004612
0.1254980415 0.0000035366
0.1255831122 0.0000008502
0.1256079376 0.0000046222
0.1262995005 0.0000001220
0.1262006611 0.0000010300
0.1260987669 0.0000050875
0.1259302944 0.0000059210
0.1259314269 0.0000010562
0.1266194284 0.0000025817
0.1265723407 0.0000041516
0.1265177131 0.0000000002
0.1269933283 0.0000000683
-0.1242781654 0.0000060372
-0.1243516654 0.0000023276
-0.1245937198 0.0000033035
-0.1248602346 0.0000029202
-0.1246511713 0.0000000710
-0.1251101494 0.0000010220
-0.1250361949 0.0000001692
-0.1252137572 0.0000005529
-0.1252950728 0.0000000361
-0.1254206151 0.0000000056
-0.1256934404 0.0000028400
-0.1257973611 0.0000122447
-0.1258480996 0.0000061516
-0.1255242229 0.0000027197
-0.1259745210 0.0000000742
-0.1261038631 0.0000013882
-0.1262545437 0.0000021532
-0.1265489459 0.0000000013
0.1206992567 0.0000012793
0.1207139567 0.0000011164
0.1231604069 0.0000011224
0.1233031675 0.0000029292
0.1233706474 0.0000069404
0.1236514375 0.0000000207
0.1237137392 0.0000000723
0.1238612235 0.0000005031
0.1239511073 0.0000009183
0.1241518110 0.0000000575
0.1242371127 0.0000013500
0.1243302152 0.0000043402
0.1243862733 0.0000105326
0.1244731694 0.0000004405
0.1248379946 0.0000004276
0.1249238029 0.0000000355
0.1251706779 0.0000000000
-0.1215317994 0.0000064774
-0.1216745451 0.0000006573
-0.1218096763 0.0000000404
-0.1218576804 0.0000012254
-0.1227422729 0.0000011616
-0.1220279783 0.0000032532
-0.1226569042 0.0000007098
-0.1223856062 0.0000033454
-0.1219446063 0.0000025310
-0.1230065450 0.0000002465
-0.1229000390 0.0000000394
-0.1222050637 0.0000010437
-0.1222438812 0.0000010650
0.1206494570 0.0000028224
0.1209388971 0.0000008243
-0.1231129989 0.0000004508
-0.1233485565 0.0000037150
-0.1235394478 0.0000004805
-0.1236126572 0.0000001996
-0.1237848103 0.0000033484
-0.1239856035 0.0000040469
0.1210263371 0.0000000267
0.1211522445 0.0000000769
-0.1238866001 0.0000002121
-0.1219244599 0.0000000840
-0.1232703328 0.0000000166
0.1212879047 0.0000051737
0.1214334667 0.0000016186
0.1216895506 0.0000090192
0.1214842275 0.0000001098
0.1215602905 0.0000001459
0.1216149852 0.0000002130
0.1219679564 0.0000001488
0.1219197884 0.0000000066
0.1221534908 0.0000023477
0.1222916767 0.0000016476
0.1229785606 0.0000002760
0.1229237020 0.0000000180
0.1227658987 0.0000007072
0.1225305125 0.0000019662
0.1225754544 0.0000005692
0.1227130666 0.0000021079
0.1222374067 0.0000087205
-0.1222160533 0.0000000316
-0.1244916245 0.0000000035
-0.1234157160 0.0000000570
-0.1240261197 0.0000000757
-0.1210448742 0.0000088369
-0.1214417219 0.0000072047
-0.1204218864 0.0000009990
-0.1206909418 0.0000035612
-0.1206621975 0.0000036883
-0.1206175014 0.0000005203
-0.1209640354 0.0000004262
-0.1211797148 0.0000000007
-0.1212294251 0.0000014783
-0.1215393469 0.0000005709
-0.1202474907 0.0000001226
-0.1190020442 0.0000004344
-0.1190554202 0.0000060571
-0.1192321181 0.0000009051
-0.1199278533 0.0000056571
-0.1200786829 0.0000044959
-0.1200637445 0.0000000528
-0.1198014766 0.0000024990
-0.1192830205 0.0000033115
-0.1193258539 0.0000006425
-0.1194484532 0.0000020912
-0.1195264086 0.0000014477
-0.1197334826 0.0000000039
-0.1196172908 0.0000076389
0.1204999909 0.0000001542
0.1204229221 0.0000000492
0.1149818525 0.0000011569
0.1150666103 0.0000064171
0.1151324585 0.0000097606
0.1153179184 0.0000033775
0.1201100275 0.0000026069
0.1201938316 0.0000001406
0.1202360764 0.0000010982
0.1163755730 0.0000008177
0.1165581048 0.0000021913
0.1164318025 0.0000043778
0.1167388484 0.0000072588
0.1199640483 0.0000098179
0.1196430996 0.0000072908
0.1198256537 0.0000069267
0.1197904870 0.0000005311
0.1194824502 0.0000071710
0.1194326505 0.0000031477
0.1192407012 0.0000020256
0.1187879294 0.0000016541
0.1188885346 0.0000011887
0.1169601977 0.0000008502
0.1168980002 0.0000009803
0.1171179488 0.0000018319
0.1171749234 0.0000136701
0.1172665283 0.0000117895
0.1191379428 0.0000000752
0.1190364063 0.0000006842
0.1189828143 0.0000019336
0.1185726002 0.0000146393
0.1186072528 0.0000001190
0.1174722314 0.0000024442
0.1176025644 0.0000015810
0.1183368042 0.0000054177
0.1176402196 0.0000001244
0.1181945354 0.0000000214
0.1181041375 0.0000017743
0.1180466488 0.0000036411
0.1178108230 0.0000000651
0.1179508790 0.0000023323
-0.1045964733 0.0000002715
-0.1049673110 0.0000053843
-0.1052193269 0.0000000419
-0.1130592674 0.0000025200
-0.1131815612 0.0000004263
-0.1136704087 0.0000018756
-0.1133090258 0.0000005594
-0.1134069934 0.0000059511
-0.1134845167 0.0000065423
-0.1139690354 0.0000051620
-0.1140094921 0.0000016877
-0.1187730730 0.0000000932
-0.1146340519 0.0000072569
-0.1142710820 0.0000032539
-0.1145239249 0.0000008917
-0.1144488379 0.0000077466
-0.1186998785 0.0000000587
-0.1148832589 0.0000011267
-0.1148286238 0.0000000192
-0.1186328679 0.0000000502
-0.1184745878 0.0000015633
-0.1181935221 0.0000065202
-0.1180228963 0.0000007098
-0.1179697514 0.0000016060
-0.1141186878 0.0000000530
-0.1151184887 0.0000042169
0.1082751974 0.0000040897
0.1083515435 0.0000081779
-0.1150049493 0.0000008869
-0.1182667762 0.0000000558
-0.1177508757 0.0000005108
-0.1178686917 0.0000024354
-0.1178488433 0.0000008917
-0.1185937375 0.0000000118
-0.1176061258 0.0000019685
-0.1152707785 0.0000016714
-0.1153344065 0.0000000452
-0.1154633835 0.0000115287
-0.1162054390 0.0000127998
-0.1158655882 0.0000015077
-0.1159557328 0.0000002197
-0.1171714589 0.0000004084
-0.1164357290 0.0000042854
-0.1168736517 0.0000005394
-0.1167054176 0.0000004818
-0.1168157533 0.0000015387
-0.1170362085 0.0000006826
-0.1174773648 0.0000001809
-0.1174528152 0.0000000372
-0.1173147857 0.0000054378
-0.1170965135 0.0000028001
-0.1155447066 0.0000040127
-0.1155611798 0.0000040164
-0.1157268658 0.0000000817
-0.1163843870 0.0000041677
-0.1163255423 0.0000001431
0.1096220687 0.0000059637
0.1097239628 0.0000004991
0.1099592373 0.0000080021
0.1103767753 0.0000066361
0.1102896333 0.0000099950
0.1102298275 0.0000053124
0.1108551994 0.0000044770
0.1184290946 0.0000000344
-0.1165531725 0.0000000113
0.1107414290 0.0000002924
0.1109663025 0.0000054110
0.1112425998 0.0000006601
0.1111569554 0.0000001342
0.1114043817 0.0000004320
0.1115341559 0.0000021116
0.1117316559 0.0000001572
0.1118657887 0.0000043255
0.1119482517 0.0000032680
0.1120451316 0.0000010883
0.1121881902 0.0000043819
0.1123170257 0.0000004875
0.1168088242 0.0000020004
0.1125527918 0.0000085291
0.1124484539 0.0000001793
0.1132708266 0.0000002459
0.1130993962 0.0000006174
0.1147803888 0.0000051674
0.1148439795 0.0000000803
0.1158023402 0.0000004500
0.1155470908 0.0000005073
0.1155843064 0.0000035322
0.1162035093 0.0000015824
0.1159734279 0.0000037235
0.1159903631 0.0000001725
0.1127449274 0.0000001175
0.1129071265 0.0000009525
0.1129579693 0.0000014553
0.1133629978 0.0000007628
0.1135893688 0.0000004859
0.1135410815 0.0000006117
0.1138913706 0.0000110766
0.1145633906 0.0000048943
0.1144972667 0.0000026586
0.1142637357 0.0000043095
0.1143683046 0.0000044396
0.1140764505 0.0000110847
0.1139757261 0.0000107643
0.1160698533 0.0000000212
0.1141935289 0.0000032562
0.1080203578 0.0000023082
0.1081262231 0.0000015285
0.1085038781 0.0000121214
0.1086269915 0.0000037364
0.1087556705 0.0000011984
0.1088851392 0.0000022156
0.1094761044 0.0000015705
0.1091678590 0.0000025185
0.1092960089 0.0000101910
0.1090564281 0.0000002962
0.1100502238 0.0000002029
-0.1063548252 0.0000027589
-0.1069528982 0.0000030020
0.1105943099 0.0000001952
-0.1070192084 0.0000048157
-0.1072845757 0.0000069228
-0.1075263247 0.0000031162
-0.1075951457 0.0000233365
-0.1080248803 0.0000169334
-0.1084612384 0.0000003718
-0.1086057797 0.0000017498
-0.1087303087 0.0000067682
-0.1088078544 0.0000018437
-0.1090630889 0.0000005524
-0.1099178046 0.0000033929
-0.1097972840 0.0000005377
-0.1096083149 0.0000013061
-0.1095316187 0.0000032734
-0.1100561991 0.0000012517
-0.1091848314 0.0000125179
-0.1092786118 0.0000020546
-0.1093995348 0.0000007344
-0.1110082716 0.0000152495
-0.1115895957 0.0000108662
-0.1137714684 0.0000000626
-0.1125115678 0.0000032589
-0.1122150794 0.0000030910
-0.1116898432 0.0000180019
-0.1101587340 0.0000009307
-0.1102813408 0.0000003097
-0.1106237993 0.0000141504
-0.1113000140 0.0000030887
-0.1112168208 0.0000004021
-0.1108260602 0.0000000220
-0.1118358597 0.0000050140
-0.1127536297 0.0000001084
-0.1127181575 0.0000008676
-0.1126515269 0.0000005770
-0.1123754829 0.0000056266
-0.1121385098 0.0000010337
-0.1120323390 0.0000101216
-0.1119404510 0.0000010993
-0.1113603264 0.0000001035
-0.1105650142 0.0000009102
-0.1103975922 0.0000002212
0.1072557271 0.0000009526
0.1073763445 0.0000037068
0.1074820980 0.0000013573
0.1076487973 0.0000001782
0.1077949703 0.0000007659
-0.1050939038 0.0000013790
-0.1065176874 0.0000023164
-0.1066960245 0.0000111076
-0.1073414534 0.0000052580
-0.1078465581 0.0000157603
-0.1081496105 0.0000011928
-0.1082473844 0.0000001309
0.1041401625 0.0000111483
0.1042913347 0.0000054247
0.1044588238 0.0000006210
0.1046010554 0.0000033674
-0.1055012271 0.0000060166
0.1047406942 0.0000037685
0.1048508584 0.0000069480
-0.1056088060 0.0000083056
-0.1057789326 0.0000046590
0.1050013900 0.0000027069
0.1051314175 0.0000016690
-0.1056921780 0.0000002547
-0.1059686318 0.0000005645
-0.1061698869 0.0000054317
0.1053626314 0.0000057756
0.1054534614 0.0000025096
-0.1068585515 0.0000004308
0.1061484143 0.0000170731
0.1063212678 0.0000002204
0.1058774963 0.0000011300
0.1057653502 0.0000012088
0.1055610180 0.0000042056
0.1064872071 0.0000043832
0.1070636064 0.0000001540
0.1068696305 0.0000001084
0.1066588387 0.0000026222
-0.1077733859 0.0000017761
0.1060240492 0.0000006977
0.1067072004 0.0000039621
-0.1061358526 0.0000013772
-0.1002875119 0.0000059482
-0.1004118249 0.0000099857
-0.1048357710 0.0000002128
-0.1006222665 0.0000207047
-0.1007722765 0.0000067069
-0.1042385846 0.0000201134
-0.1043596268 0.0000045970
-0.1041027158 0.0000032048
-0.1033281386 0.0000016027
-0.1031572595 0.0000062519
-0.1021642461 0.0000035942
-0.1020441949 0.0000007750
-0.1014588773 0.0000033176
-0.1018679515 0.0000037571
-0.1016117334 0.0000065101
-0.1017015427 0.0000034782
0.0992484987 0.0000028366
0.0995467454 0.0000138953
-0.1012853011 0.0000016378
-0.1034709066 0.0000019534
-0.1025888771 0.0000045671
0.0998673216 0.0000013623
0.1001035050 0.0000069598
0.1039602757 0.0000041643
0.1018418968 0.0000133573
0.1031774282 0.0000026380
0.1030999497 0.0000028898
-0.1039591432 0.0000016031
-0.1010032967 0.0000041285
-0.1011893675 0.0000127999
0.0999921560 0.0000025651
0.1038669124 0.0000022738
0.1004185528 0.0000012032
0.1015620157 0.0000005028
0.1017654017 0.0000038668
0.1028814837 0.0000084907
0.1027679443 0.0000051264
0.1022444740 0.0000086859
0.1023549363 0.0000051909
0.1026041880 0.0000059755
0.1021222323 0.0000017681
0.1012048423 0.0000035364
0.1010860652 0.0000087158
0.1008763611 0.0000064855
-0.1008651182 0.0000014626
-0.1027033031 0.0000112086
-0.1038296670 0.0000087393
-0.1037244648 0.0000028960
0.1034374759 0.0000002221
0.1036188379 0.0000029786
0.1024539471 0.0000044479
0.1013803333 0.0000072612
0.1009476259 0.0000091612
0.1004997939 0.0000035387
0.1006471217 0.0000070814
-0.1036324725 0.0000008369
-0.1023744643 0.0000101127
-0.1029514223 0.0000002250
-0.1027900726 0.0000049558
0.1036753953 0.0000073630
0.0902148113 0.0000086037
0.0906594917 0.0000120713
-0.0905312970 0.0000072315
-0.0906645656 0.0000009782
-0.1000980288 0.0000004386
0.0912753940 0.0000005120
0.0915843770 0.0000020649
0.0914667845 0.0000014160
0.0996880084 0.0000030147
-0.0911917016 0.0000046073
-0.0913472772 0.0000077289
-0.0998914018 0.0000001647
0.0917543545 0.0000045933
0.0993319675 0.0000021504
-0.0993829370 0.0000037131
-0.0994970277 0.0000180690
-0.0996887833 0.0000049225
-0.0995872691 0.0000101815
0.0919616148 0.0000055018
0.0989200249 0.0000047860
0.0991001800 0.0000014709
-0.0918413922 0.0000024546
-0.0991936699 0.0000025510
-0.0990835428 0.0000006909
-0.0921275169 0.0000100292
-0.0924328417 0.0000032697
-0.0988773108 0.0000004259
0.0986539423 0.0000004165
0.0920945778 0.0000074078
0.0933223143 0.0000271034
0.0930725634 0.0000030201
0.0927999392 0.0000014615
0.0922724903 0.0000058643
0.0923712030 0.0000133043
-0.0921868607 0.0000018303
-0.0925818533 0.0000021144
-0.0987298638 0.0000154735
0.0984166935 0.0000035247
0.0985962301 0.0000011448
0.0982208550 0.0000008726
0.0980514288 0.0000088294
0.0979714394 0.0000069248
0.0977840051 0.0000068304
0.0926931277 0.0000026086
0.0932204425 0.0000019229
0.0935928077 0.0000051456
0.0937446728 0.0000118457
0.0938147753 0.0000066137
0.0940921679 0.0000041119
0.0942516476 0.0000039469
-0.0984715968 0.0000035316
-0.0926522389 0.0000040088
0.0943755880 0.0000066686
-0.0928865299 0.0000040389
0.0976530388 0.0000033698
0.0945475325 0.0000009204
0.0946473703 0.0000005595
-0.0985685289 0.0000065977
-0.0982230678 0.0000007155
-0.0981045142 0.0000031505
-0.0979851335 0.0000030532
-0.0977854431 0.0000031876
-0.0930640846 0.0000010041
-0.0932045057 0.0000111626
-0.0933551863 0.0000054470
-0.0934908092 0.0000185640
-0.0936518759 0.0000054207
-0.0939528495 0.0000039222
0.0951893106 0.0000031534
0.0972494036 0.0000078044
0.0971623883 0.0000014756
0.0970081016 0.0000063014
0.0968156308 0.0000037177
0.0962883830 0.0000027031
0.0966422930 0.0000018335
0.0965427831 0.0000045673
0.0961271524 0.0000042568
-0.0976795703 0.0000035527
0.0925313160 0.0000030538
-0.0972312018 0.0000233679
-0.0975288004 0.0000036807
-0.0973406881 0.0000018633
-0.0967077166 0.0000097837
-0.0965806544 0.0000019485
-0.0968618616 0.0000013393
-0.0940355882 0.0000059529
-0.0941481367 0.0000085200
-0.0943320543 0.0000032932
-0.0945116207 0.0000010317
0.0975089222 0.0000019780
-0.0964285806 0.0000022900
0.0950731784 0.0000015648
0.0957107767 0.0000039693
0.0960079134 0.0000013701
-0.0958924592 0.0000033293
-0.0970174596 0.0000027811
0.0953878313 0.0000003643
0.0955485404 0.0000012788
0.0958707035 0.0000039530
-0.0948114246 0.0000033087
-0.0956314802 0.0000026764
-0.0951100364 0.0000039961
-0.0962315574 0.0000030857
-0.0957503840 0.0000008978
0.0949786752 0.0000146281
-0.0946489871 0.0000011766
-0.0949709341 0.0000005727
-0.0954256877 0.0000002184
-0.0952355862 0.0000021925
-0.0961136743 0.0000046050
0.0895639583 0.0000043498
-0.0903844312 0.0000041347
0.0897312686 0.0000184477
0.0898984298 0.0000047922
-0.0908748135 0.0000019014
-0.0910288244 0.0000013864
-0.0917079449 0.0000037279
0.0903505161 0.0000064596
0.0904573798 0.0000025202
0.0908927694 0.0000009067
0.0910770074 0.0000014961
-0.0865958557 0.0000029223
-0.0866752118 0.0000155017
-0.0867759436 0.0000032534
-0.0870190114 0.0000072916
-0.0872310251 0.0000022887
-0.0873697922 0.0000053418
0.0848990306 0.0000036730
0.0850397050 0.0000031417
0.0852501914 0.0000031054
0.0854421332 0.0000063015
-0.0915300772 0.0000032017
-0.0878893659 0.0000044100
-0.0897779688 0.0000084839
-0.0895181447 0.0000048970
-0.0893562138 0.0000053810
0.0855657831 0.0000109905
-0.0898750871 0.0000015979
-0.0892197639 0.0000039011
-0.0880795047 0.0000049640
-0.0882618278 0.0000044071
-0.0901857391 0.0000014086
-0.0885624737 0.0000067576
-0.0889792815 0.0000159316
-0.0900407508 0.0000095334
0.0861054957 0.0000020224
0.0893946812 0.0000031581
0.0892606378 0.0000013137
-0.0884228274 0.0000047990
-0.0887407288 0.0000038456
-0.0888484269 0.0000096145
0.0862504318 0.0000022764
0.0866159499 0.0000007866
0.0868351683 0.0000046545
0.0870021954 0.0000071904
0.0888232216 0.0000220397
0.0887200311 0.0000062707
0.0878050402 0.0000025175
0.0876176730 0.0000074396
0.0873690024 0.0000035917
0.0874584392 0.0000059331
0.0879706740 0.0000005697
0.0864406303 0.0000014350
0.0900609568 0.0000027574
0.0872165933 0.0000013639
0.0889907256 0.0000067590
0.0885563195 0.0000044319
0.0881981105 0.0000036715
0.0883820206 0.0000036856
-0.0876550302 0.0000114863
-0.0875421613 0.0000034096
0.0839198679 0.0000088993
0.0840354115 0.0000065358
0.0841634348 0.0000050258
0.0843968317 0.0000028487
0.0845239013 0.0000059426
0.0847784653 0.0000046552
0.0857779458 0.0000032438
-0.0861528814 0.0000044640
0.0836923569 0.0000019888
-0.0860336274 0.0000071914
-0.0855064839 0.0000109174
-0.0857074782 0.0000098249
-0.0858248249 0.0000026727
0.0858819410 0.0000054680
0.0834672526 0.0000011572
0.0833448693 0.0000028912
-0.0853161514 0.0000087095
-0.0851341709 0.0000038686
-0.0839806274 0.0000047817
-0.0840751156 0.0000059628
-0.0844874531 0.0000064083
-0.0846379623 0.0000066671
-0.0848138183 0.0000055094
-0.0842685103 0.0000037919
0.0819296688 0.0000082692
0.0820457637 0.0000051417
0.0823026896 0.0000204044
0.0831379890 0.0000008332
0.0824584588 0.0000171681
0.0825806558 0.0000046134
0.0829110891 0.0000020902
0.0828038007 0.0000024227
-0.0837416127 0.0000081582
-0.0849141479 0.0000029878
0.0817173943 0.0000016503
-0.0863309428 0.0000068941
-0.0831123739 0.0000039375
-0.0834427252 0.0000173662
0.0807869658 0.0000069678
0.0809871107 0.0000073450
0.0811685249 0.0000029491
0.0813695267 0.0000066404
-0.0829490051 0.0000011177
-0.0832292587 0.0000014603
0.0806714520 0.0000042771
-0.0825385302 0.0000060582
-0.0827478766 0.0000011124
0.0804695189 0.0000035585
0.0799728930 0.0000034548
0.0801282227 0.0000068986
-0.0835746452 0.0000047428
-0.0823350400 0.0000041466
-0.0822033286 0.0000037910
0.0815762952 0.0000049738
-0.0810134932 0.0000080417
-0.0811499879 0.0000127212
-0.0813383758 0.0000107171
-0.0814629123 0.0000142899
-0.0816533938 0.0000099048
-0.0819990113 0.0000046699
-0.0818203986 0.0000045711
0.0792437866 0.0000070690
0.0796443000 0.0000056773
0.0797837600 0.0000011857
0.0794237703 0.0000014008
-0.0808083341 0.0000079873
-0.0797660053 0.0000040227
-0.0798974484 0.0000128516
-0.0805222318 0.0000033195
-0.0801535621 0.0000028432
0.0761115924 0.0000049966
0.0775710419 0.0000053559
0.0802777782 0.0000158877
0.0790555105 0.0000047702
0.0783712417 0.0000022083
0.0785249397 0.0000031379
0.0780604705 0.0000079046
-0.0806239545 0.0000087976
-0.0802716017 0.0000024854
-0.0795366988 0.0000032190
-0.0781357586 0.0000080055
-0.0782939345 0.0000084183
-0.0793602020 0.0000017372
-0.0792310238 0.0000048310
-0.0788813680 0.0000039005
-0.0790144652 0.0000014497
-0.0760074407 0.0000055588
-0.0764852315 0.0000067366
0.0472993888 0.0000349927
0.0468877815 0.0000440986
-0.0473825596 0.0000157400
0.0455098264 0.0000176028
0.0449169502 0.0000507189
0.0446964391 0.0000159854
0.0444553047 0.0000239345
0.0437056907 0.0000274008
0.0440600775 0.0000285338
0.0442697145 0.0000193703
-0.0454009660 0.0000354637
-0.0451879166 0.0000257985
-0.0448060855 0.0000590235
0.0434681177 0.0000186935
0.0438941531 0.0000152622
0.0432682410 0.0000230977
-0.0444192030 0.0000526545
-0.0442536026 0.0000405403
-0.0439875200 0.0000277539
-0.0438047275 0.0000528516
-0.0436210670 0.0000379730
-0.0434286855 0.0000223219
0.0431057960 0.0000250819
0.0428538322 0.0000193159
0.0426783636 0.0000221640
0.0425072312 0.0000354148
-0.0430450998 0.0000173514
-0.0432292894 0.0000374404
0.0402622297 0.0000436597
0.0406650975 0.0000229939
-0.0426004790 0.0000153452
-0.0428313352 0.0000070446
-0.0424270667 0.0000151554
0.0408702940 0.0000335435
0.0400812142 0.0000275362
0.0404844508 0.0000561044
0.0398568362 0.0000323108
0.0422768034 0.0000256136
-0.0421928912 0.0000349186
0.0396703258 0.0000278954
0.0410838723 0.0000265059
0.0416812599 0.0000285716
-0.0420290679 0.0000988264
0.0414919890 0.0000222301
-0.0418235622 0.0000322711
0.0394636206 0.0000308320
0.0420429707 0.0000935931
0.0392685533 0.0000397985
-0.0415973365 0.0000185037
-0.0406234264 0.0000364117
-0.0407979637 0.0000406025
-0.0409901291 0.0000320174
-0.0402220897 0.0000514958
-0.0412076898 0.0000338915
-0.0399817005 0.0000433591
-0.0403777510 0.0000398400
-0.0398099013 0.0000385625
0.0390464067 0.0000331364
0.0418708473 0.0000332375
-0.0396236740 0.0000345409
0.0412735343 0.0000258794
0.0388727188 0.0000161995
-0.0414124317 0.0000261180
0.0278887730 0.0001006367
0.0258370843 0.0001282686
0.0260362979 0.0000940322
0.0262466110 0.0001105339
0.0264327768 0.0001263398
0.0266706292 0.0001047898
0.0268586967 0.0000867057
0.0276837032 0.0000787514
0.0274427794 0.0001148528
0.0245988742 0.0001452616
0.0248052906 0.0001605343
0.0252099615 0.0001131463
0.0270767193 0.0000939210
0.0244081374 0.0001440769
0.0254137833 0.0000846202
0.0272499193 0.0001170459
0.0239875801 0.0001241372
0.0241823755 0.0001098505
0.0250254739 0.0001453499
0.0256306585 0.0000992440
0.0376439951 0.0000515329
0.0368538499 0.0000621350
0.0329932831 0.0000822072
0.0325668007 0.0000719247
0.0282936711 0.0000816518
0.0285070855 0.0000673142
0.0311590768 0.0001024360
0.0309515949 0.0000716776
0.0280901808 0.0000788656
0.0287003722 0.0001443324
0.0233620983 0.0001384463
0.0237707347 0.0001963343
0.0235923473 0.0001592531
0.0301109701 0.0000572045
0.0299412888 0.0000657060
0.0288952459 0.0001118742
0.0290809460 0.0000816432
-0.0393963754 0.0000540231
0.0231638271 0.0001450854
0.0293157753 0.0000915081
0.0225564875 0.0001818093
0.0229579397 0.0001525850
-0.0392292477 0.0000399249
-0.0390213244 0.0000261731
-0.0387974232 0.0000438800
-0.0385964401 0.0000430028
-0.0384251066 0.0000381976
-0.0382134058 0.0000304544
-0.0380045623 0.0000531243
-0.0378365442 0.0000372185
0.0122294612 0.0005579874
0.0120250527 0.0006130124
0.0118186651 0.0006179225
0.0066514006 0.0017042602
0.0078925788 0.0012292302
0.0072690612 0.0014723140
0.0076823304 0.0013228258
0.0074793468 0.0015527719
-0.0363967307 0.0000416502
-0.0374096110 0.0000468359
-0.0365910642 0.0000458171
-0.0371803679 0.0000478725
0.0116073787 0.0007439552
0.0114130536 0.0007259750
0.0064491741 0.0018229757
0.0068617356 0.0016011824
0.0070591355 0.0016752953
0.0089249099 0.0011261441
0.0087180510 0.0010685979
0.0085088834 0.0011847009
0.0082994197 0.0012202109
0.0081038307 0.0012332328
-0.0368037559 0.0000559891
0.0060292324 0.0019778775
0.0062343185 0.0018122093
-0.0375601575 0.0000531454
0.0058244742 0.0020143695
-0.0369852372 0.0000536913
0.0112000396 0.0007331832
0.0091284709 0.0009677900
0.0109946346 0.0006952581
0.0107895015 0.0007243979
0.0105760004 0.0006804341
0.0103708319 0.0008225595
0.0093434183 0.0009567761
0.0095480029 0.0009756427
0.0101643289 0.0008718247
-0.0079200920 0.0012770352
-0.0081304610 0.0011737556
-0.0083322590 0.0011841030
-0.0085503040 0.0010234554
-0.0087497570 0.0011776027
-0.0313271470 0.0000543434
0.0097555760 0.0009008654
-0.0089604789 0.0010364028
-0.0116389524 0.0006950208
-0.0114345960 0.0007202659
-0.0104050124 0.0008440877
-0.0101966262 0.0008113011
-0.0213178787 0.0001686399
-0.0215280876 0.0001479282
-0.0211149510 0.0002066219
-0.0209092051 0.0002137515
-0.0207112506 0.0001917344
-0.0190649591 0.0002469704
-0.0202978235 0.0002215387
-0.0200773291 0.0002121715
-0.0198676530 0.0002252427
-0.0196718816 0.0002759200
-0.0194814727 0.0002570834
-0.0106092738 0.0008100331
-0.0110154115 0.0006876902
-0.0095761120 0.0009496210
-0.0099876523 0.0008452481
-0.0192735679 0.0002715422
-0.0223315302 0.0001452612
-0.0221437719 0.0001671842
-0.0219459217 0.0001777346
-0.0205034539 0.0002308686
-0.0217257980 0.0001776021
-0.0309189036 0.0000687431
-0.0307362024 0.0000936716
-0.0097833909 0.0008744483
-0.0093634846 0.0010607006
-0.0112179872 0.0006977119
-0.0108160703 0.0008330450
-0.0225594845 0.0001508300
-0.0297146775 0.0000700868
-0.0298989080 0.0000703407
-0.0305152908 0.0000746817
-0.0301415101 0.0000680023
-0.0303092431 0.0001037994
-0.0091626849 0.0010399766
-0.0294985976 0.0000898610
-0.0287057254 0.0000977419
-0.0288929604 0.0001071090
-0.0227596145 0.0001437108
-0.0231711380 0.0001539816
-0.0282924194 0.0000709651
-0.0233638491 0.0001796955
0.0099583175 0.0008717470
-0.0229661874 0.0001652047
-0.0264612772 0.0001096678
-0.0268522184 0.0001450112
-0.0278556161 0.0000871868
-0.0284961369 0.0000884934
-0.0292824600 0.0000856685
-0.0290857982 0.0000955298
-0.0235849898 0.0001339088
-0.0280989259 0.0000947184
-0.0237861425 0.0001575994
-0.0239694677 0.0001505943
-0.0241841674 0.0001329353
-0.0244010892 0.0001229637
-0.0276713744 0.0000916971
-0.0274684150 0.0000798303
-0.0272595901 0.0001148566
-0.0270365588 0.0000988826
-0.0266608950 0.0000977115
-0.0254103970 0.0000948156
-0.0262395851 0.0000902475
-0.0256278031 0.0000983540
-0.0258349013 0.0000766939
-0.0260471366 0.0001155567
0.0386450700 0.0000429274
0.0382367410 0.0000456272
0.0380684063 0.0000470803
0.0374365933 0.0000346847
0.0227495339 0.0001886140
0.0327766649 0.0000745458
0.0315652527 0.0000939645
0.0313488133 0.0000667129
0.0307340529 0.0000733700
0.0305545516 0.0000550378
0.0303521007 0.0001056483
0.0297224466 0.0000738818
-0.0361855738 0.0000538062
-0.0360060148 0.0000480819
0.0295311362 0.0000870877
-0.0349835642 0.0000682568
-0.0357860141 0.0000442507
-0.0077149528 0.0012375484
-0.0122533180 0.0006493386
-0.0120479688 0.0006489658
-0.0188502949 0.0001973262
-0.0118426634 0.0006836065
-0.0124635315 0.0006120256
-0.0252197813 0.0001209240
-0.0248080064 0.0000963014
-0.0245907679 0.0000956063
0.0384474546 0.0000373011
0.0378656834 0.0000377654
0.0370397903 0.0000393043
0.0362489671 0.0000418231
0.0360144824 0.0000668824
0.0323790498 0.0000638139
0.0319601037 0.0000641808
-0.0355784632 0.0000532847
0.0317719094 0.0000785274
0.0321741141 0.0000675167
-0.0351886600 0.0000471810
0.0124413092 0.0005379339
-0.0335532874 0.0000664918
0.0126512619 0.0005857541
0.0056128814 0.0021178857
0.0223419704 0.0001768930
0.0221363828 0.0001552789
0.0054105963 0.0022008235
0.0051988359 0.0023628084
-0.0321436748 0.0000712148
-0.0317230262 0.0000777830
-0.0311397053 0.0000569803
-0.0315263830 0.0000684286
0.0219367445 0.0001585625
0.0217223726 0.0001733690
0.0200784337 0.0001958972
0.0202937666 0.0001863703
0.0213121511 0.0002126664
0.0211151000 0.0002444901
0.0205026697 0.0002354313
-0.0070959562 0.0015479448
-0.0068895314 0.0016228955
0.0206857584 0.0002282522
-0.0186547749 0.0002514911
-0.0073049362 0.0013747467
-0.0066813580 0.0016059492
-0.0145302983 0.0004323744
-0.0143323503 0.0004050540
-0.0141085731 0.0003860287
-0.0139068114 0.0004317709
-0.0184346810 0.0002840709
-0.0126720881 0.0005314565
-0.0075037894 0.0014040142
-0.0128780035 0.0005346907
-0.0323635787 0.0000749985
-0.0319475532 0.0000532309
-0.0250176210 0.0001262324
0.0215202179 0.0001453776
0.0209070854 0.0001955936
0.0198824350 0.0002382243
-0.0153490528 0.0003661397
-0.0147358496 0.0003581615
-0.0151482979 0.0003677087
-0.0149485627 0.0004077665
-0.0136991208 0.0004619372
0.0196730979 0.0002029698
0.0194612276 0.0002463782
-0.0155635765 0.0003434934
-0.0130838873 0.0004897906
0.0128532033 0.0004751374
0.0192552209 0.0002086128
0.0190470610 0.0001946594
-0.0132977357 0.0005007464
0.0130685801 0.0005060974
0.0182291158 0.0002685672
0.0184302870 0.0002777892
0.0188488625 0.0002140224
0.0186332129 0.0003079785
0.0142978001 0.0004311542
-0.0064708516 0.0018206234
-0.0062676575 0.0018729637
0.0047901883 0.0026447370
0.0049965442 0.0025423849
0.0132671725 0.0005099084
0.0167725123 0.0002854700
0.0163644236 0.0003776305
0.0165694952 0.0003336301
0.0161596481 0.0004071130
0.0159519054 0.0004000379
0.0141066369 0.0005252462
0.0147288134 0.0004581725
0.0145077324 0.0003984290
-0.0060591977 0.0021221433
-0.0006969091 0.0180474091
-0.0004920902 0.0240206905
0.0149198053 0.0003582395
0.0045812870 0.0028300632
-0.0058553563 0.0021370875
-0.0002865851 0.0348918252
0.0002514377 0.0385796167
0.0000246549 0.2984741032
-0.0009041870 0.0150626097
-0.0011096938 0.0128357429
-0.0015198230 0.0098415893
-0.0017280993 0.0086981794
-0.0013155107 0.0112792971
0.0157487448 0.0004230603
0.0155439153 0.0003768485
-0.0056533655 0.0021325620
-0.0052355938 0.0023116202
-0.0054392410 0.0021531214
0.0043727863 0.0029682382
0.0041641472 0.0033615669
-0.0021367676 0.0072015314
-0.0019338412 0.0080285184
0.0006637214 0.0193433091
0.0004595725 0.0254080184
-0.0000611239 0.1365148574
0.0151282810 0.0003965171
0.0153392348 0.0004595886
-0.0046142461 0.0028131832
-0.0023445494 0.0067802770
-0.0050294455 0.0024042432
-0.0048198299 0.0026308834
0.0012796476 0.0114777926
0.0014859715 0.0100733088
0.0010751720 0.0136587750
0.0008700985 0.0159037020
0.0033395749 0.0042832070
0.0031361121 0.0050450754
0.0029281636 0.0049758786
0.0027222834 0.0056379340
0.0025175936 0.0059293499
0.0023106358 0.0066739325
0.0016914812 0.0087793451
0.0021062139 0.0070550810
0.0019007243 0.0079012392
0.0372407697 0.0000442833
-0.0345792323 0.0000499347
0.0366431363 0.0000357388
0.0356159694 0.0000454454
0.0358373560 0.0000342758
0.0364443772 0.0000530280
0.0333838947 0.0000660516
0.0331786983 0.0000504010
-0.0182339754 0.0002608438
0.0039615748 0.0034841746
0.0035487514 0.0043909140
-0.0025471414 0.0058613922
-0.0353792682 0.0000537582
-0.0347770005 0.0000556942
-0.0325455368 0.0000840510
-0.0327458046 0.0000652630
-0.0329603665 0.0000576586
-0.0331511870 0.0000719162
0.0134799425 0.0004517045
0.0138904471 0.0004446275
0.0169861522 0.0002980530
-0.0134963840 0.0004583471
0.0178239271 0.0002323071
0.0180184990 0.0003330702
-0.0180237126 0.0003453017
0.0175964087 0.0002134182
-0.0178258717 0.0003393611
-0.0157689061 0.0003178596
-0.0161830336 0.0003740527
-0.0174082778 0.0002840805
-0.0163877029 0.0002889330
0.0171965435 0.0002764521
-0.0159794018 0.0003450344
-0.0172136184 0.0003634392
-0.0165928919 0.0003290573
-0.0044095688 0.0029161701
0.0037509797 0.0039438247
-0.0170048848 0.0003391474
-0.0168076754 0.0003606431
-0.0042034974 0.0032098047
-0.0027586992 0.0052483347
-0.0029616915 0.0049563982
-0.0031730277 0.0045535560
-0.0039993725 0.0035168566
-0.0033748993 0.0043773884
-0.0035799565 0.0039427532
0.0456794351 0.0000281717
0.0452809110 0.0000282373
0.0450598262 0.0000380029
-0.0449886397 0.0000401731
-0.0445648059 0.0000401898
-0.0333655439 0.0000633552
-0.0343756266 0.0000867873
0.0354129001 0.0000480485
0.0352262780 0.0000430217
0.0346137434 0.0000784906
-0.0341526754 0.0000756636
-0.0337768197 0.0000482265
-0.0176279880 0.0003365809
0.0336064473 0.0000529587
0.0344306082 0.0000282649
0.0350041129 0.0000511682
0.0348193645 0.0000545337
0.0136894658 0.0004791188
0.0173938200 0.0002990021
0.0342175961 0.0000391809
0.0339846872 0.0000708344
0.0337897986 0.0000415997
-0.0037869050 0.0035402733
-0.0339787453 0.0000480549
0.0788962767 0.0000038050
0.0786792263 0.0000046123
0.0780006349 0.0000067601
0.0774304122 0.0000068234
0.0776997954 0.0000066930
-0.0769226700 0.0000039909
-0.0774537548 0.0000273767
-0.0775360391 0.0000018962
-0.0786299258 0.0000074023
-0.0784891471 0.0000032383
-0.0779892951 0.0000048263
0.0480795205 0.0000312204
0.0477074720 0.0000235268
-0.0777589604 0.0000033955
-0.0772288665 0.0000101220
-0.0770409927 0.0000063894
0.0752333775 0.0000092706
0.0755564049 0.0000052368
0.0768613592 0.0000149620
0.0767734647 0.0000186748
0.0770721883 0.0000037780
0.0772523880 0.0000054725
0.0763938352 0.0000449355
0.0764856040 0.0000082320
0.0753832832 0.0000052448
0.0759739503 0.0000083626
0.0757292658 0.0000078400
-0.0749285817 0.0000087792
-0.0750536621 0.0000145136
-0.0766405612 0.0000039634
-0.0752534568 0.0000026685
-0.0754386708 0.0000032678
-0.0756351501 0.0000232932
-0.0757392570 0.0000054804
-0.0763771385 0.0000253743
-0.0762172267 0.0000031927
0.0478965379 0.0000328547
0.0474895947 0.0000150097
0.0470767170 0.0000328040
-0.0471908450 0.0000183941
-0.0458004400 0.0000302083
0.0460549407 0.0000216034
-0.0460056514 0.0000193079
-0.0469617136 0.0000135726
-0.0467857979 0.0000153503
-0.0465847589 0.0000217139
-0.0463807397 0.0000170317
-0.0455734991 0.0000323764
-0.0461588129 0.0000127850
0.0459136367 0.0000214078
0.0463046841 0.0000223576
0.0466715433 0.0000098835
0.0464616418 0.0000167641
0.0749907345 0.0000142479
-0.0747083053 0.0000043225
0.0744596273 0.0000087155
0.0746407956 0.0000157525
0.0742909461 0.0000071375
-0.0744989961 0.0000101098
-0.0475828461 0.0000319087
0.0741568953 0.0000079472
0.0737488195 0.0000058873
0.0482896008 0.0000160120
0.0492823049 0.0000228951
0.0490390398 0.0000351965
-0.0487158820 0.0000309669
-0.0477524437 0.0000380603
-0.0483499020 0.0000250029
-0.0481868684 0.0000250948
-0.0739857033 0.0000095974
-0.0738874152 0.0000083518
-0.0734017119 0.0000050320
-0.0743513182 0.0000107307
-0.0736394674 0.0000152579
0.0749043673 0.0000114454
0.0739775822 0.0000125218
0.0488442965 0.0000338518
0.0484933443 0.0000347861
-0.0742352903 0.0000325184
0.0736107007 0.0000062491
-0.0662736222 0.0000070444
-0.0732675940 0.0000086865
-0.0731543154 0.0000061124
0.0732183382 0.0000119602
0.0733741000 0.0000081581
0.0730735809 0.0000024107
-0.0729099587 0.0000020919
-0.0664369762 0.0000052083
-0.0666372404 0.0000063441
-0.0479636528 0.0000174416
-0.0485472679 0.0000392788
0.0486647300 0.0000327724
0.0494348556 0.0000202390
0.0728299767 0.0000053580
-0.0679449365 0.0000126492
-0.0727500990 0.0000052214
-0.0723894835 0.0000133764
-0.0725611523 0.0000114927
-0.0491304100 0.0000383352
-0.0489678867 0.0000198780
0.0727179646 0.0000056977
0.0724608377 0.0000080161
-0.0681063458 0.0000113570
-0.0712530762 0.0000035194
-0.0721909255 0.0000033411
-0.0495330952 0.0000088524
-0.0493008271 0.0000152242
0.0496239103 0.0000291744
0.0505933762 0.0000098517
0.0498608239 0.0000097080
0.0504397266 0.0000323426
0.0500573106 0.0000207024
0.0502466634 0.0000087071
-0.0714821890 0.0000059733
-0.0711064190 0.0000066769
-0.0708945841 0.0000141316
-0.0703102946 0.0000028867
-0.0700251237 0.0000176529
-0.0701531693 0.0000093903
-0.0707521439 0.0000049291
-0.0705813915 0.0000037083
0.0723347440 0.0000037103
-0.0564099140 0.0000155600
-0.0497540422 0.0000250070
-0.0719996318 0.0000059912
0.0678212643 0.0000070387
0.0720658675 0.0000095626
0.0711443275 0.0000059240
0.0709924251 0.0000056327
-0.0500939339 0.0000226255
0.0509281531 0.0000215479
0.0568632856 0.0000121401
0.0510337427 0.0000135708
0.0719054490 0.0000116867
0.0708324164 0.0000040061
-0.0561343022 0.0000055851
-0.0499611199 0.0000206989
-0.0718360543 0.0000074886
-0.0696500018 0.0000061935
-0.0690433607 0.0000111874
-0.0691477209 0.0000066991
-0.0502898693 0.0000240109
-0.0698271021 0.0000034392
0.0681723282 0.0000044789
0.0684205070 0.0000016184
0.0717842057 0.0000143391
0.0705777481 0.0000142013
0.0704757124 0.0000147203
0.0525463074 0.0000158835
0.0686221048 0.0000041020
0.0512461103 0.0000356915
0.0530143268 0.0000151557
0.0528192818 0.0000111103
0.0522448570 0.0000136981
0.0523762815 0.0000283336
-0.0552094802 0.0000272101
0.0519909114 0.0000139116
-0.0508859009 0.0000188000
-0.0507001318 0.0000093259
-0.0505268462 0.0000218092
-0.0511526279 0.0000093880
-0.0513512008 0.0000324319
-0.0518790781 0.0000828276
0.0702316165 0.0000112329
0.0687972680 0.0000244158
0.0561455563 0.0000318470
0.0532031842 0.0000145600
0.0559582487 0.0000100225
0.0557642728 0.0000149073
-0.0716494471 0.0000163951
-0.0694213584 0.0000226555
-0.0550056472 0.0000136040
-0.0528784320 0.0000110268
-0.0520355366 0.0000126475
-0.0522388108 0.0000309267
0.0533863045 0.0000215063
0.0689609423 0.0000073776
0.0691099614 0.0000068166
-0.0526582785 0.0000101842
-0.0524614975 0.0000149152
0.0518046580 0.0000489423
-0.0546343327 0.0000126392
-0.0544460267 0.0000094118
0.0701240078 0.0000072534
0.0698820278 0.0000032528
-0.0514874235 0.0000246743
-0.0542427599 0.0000115999
-0.0547820218 0.0000144130
0.0553171784 0.0000231546
0.0551734157 0.0000198080
0.0555936061 0.0000130018
0.0549415536 0.0000205510
0.0695264712 0.0000149636
0.0514406562 0.0000216009
0.0714307278 0.0000056132
0.0715306997 0.0000084200
0.0696625486 0.0000039208
-0.0516879819 0.0000214081
0.0516676232 0.0000245349
0.0535879880 0.0000042770
0.0543487072 0.0000211161
0.0545875505 0.0000095432
0.0547527187 0.0000136401
0.0672767609 0.0000091340
0.0676245466 0.0000250768
0.0573186353 0.0000103132
0.0571324974 0.0000189322
0.0566742010 0.0000121202
-0.0573147200 0.0000299622
-0.0567575805 0.0000298926
-0.0675480217 0.0000022708
-0.0677547008 0.0000121919
-0.0530652441 0.0000073790
-0.0565788783 0.0000276913
-0.0559683889 0.0000096040
-0.0557498969 0.0000159625
0.0541884974 0.0000205280
-0.0683171898 0.0000077274
-0.0684907734 0.0000051837
-0.0686480477 0.0000073752
-0.0540589616 0.0000154992
0.0693592280 0.0000144447
-0.0554130003 0.0000086290
-0.0555960648 0.0000116839
-0.0671855956 0.0000274073
-0.0673337132 0.0000130690
-0.0688540787 0.0000054326
-0.0571574196 0.0000232201
-0.0538815372 0.0000111998
-0.0532637909 0.0000201044
-0.0534425378 0.0000055856
0.0648006797 0.0000073500
0.0668913499 0.0000098105
0.0670901164 0.0000209139
0.0679780468 0.0000065846
0.0674533695 0.0000088639
0.0537993275 0.0000070449
0.0659115463 0.0000018565
0.0667001978 0.0000096120
0.0657106265 0.0000171311
0.0603700690 0.0000171586
0.0602437481 0.0000126302
0.0661162138 0.0000072093
0.0664715171 0.0000043520
0.0540064983 0.0000234174
0.0592846572 0.0000361377
0.0578392260 0.0000232327
0.0575145967 0.0000105386
0.0563373342 0.0000158823
0.0565365776 0.0000188812
0.0594145507 0.0000099655
0.0580731593 0.0000050355
0.0577307977 0.0000192771
0.0590521581 0.0000036732
0.0587776899 0.0000167811
0.0582621396 0.0000110008
0.0586262792 0.0000154257
0.0584772453 0.0000179924
-0.0536423922 0.0000061143
-0.0670198873 0.0000114643
-0.0668173879 0.0000183114
0.0596233979 0.0000111739
-0.0660248399 0.0000105498
-0.0658889785 0.0000289076
0.0653939992 0.0000194189
0.0598215647 0.0000149311
0.0599147193 0.0000247411
-0.0569339655 0.0000251474
-0.0574765503 0.0000044622
-0.0579273477 0.0000342983
-0.0580793507 0.0000126321
-0.0583547391 0.0000075109
-0.0577213243 0.0000080815
0.0655608624 0.0000192139
0.0651671141 0.0000170660
0.0605812632 0.0000122943
0.0607990399 0.0000055606
-0.0657007173 0.0000250630
-0.0654931217 0.0000105974
-0.0653856918 0.0000114073
-0.0596071258 0.0000264931
-0.0598365478 0.0000157759
-0.0594105199 0.0000118296
-0.0590715073 0.0000156013
-0.0588984303 0.0000084489
-0.0586667657 0.0000164544
-0.0592407547 0.0000167449
-0.0584935434 0.0000138141
0.0662856176 0.0000100130
-0.0645606369 0.0000114166
0.0650653988 0.0000111482
-0.0647402778 0.0000202240
-0.0649083480 0.0000059696
-0.0600033849 0.0000157922
-0.0643803552 0.0000112891
0.0609440953 0.0000134214
0.0621276274 0.0000067128
0.0623217113 0.0000102228
-0.0641985387 0.0000119663
-0.0601571463 0.0000064435
-0.0607347153 0.0000076071
-0.0613249578 0.0000051150
-0.0611602031 0.0000112840
-0.0615961775 0.0000063253
-0.0605704896 0.0000088853
-0.0603806749 0.0000103433
0.0646291524 0.0000035371
0.0611706041 0.0000033078
0.0619125813 0.0000069549
0.0625065044 0.0000017490
0.0632918999 0.0000143290
0.0634443760 0.0000131749
0.0630771220 0.0000098799
0.0617449991 0.0000243989
0.0615364462 0.0000049564
0.0627054796 0.0000248703
0.0643723905 0.0000061033
0.0642282143 0.0000087008
0.0638229176 0.0000135111
0.0640962571 0.0000177446
0.0629316047 0.0000058305
-0.0640081689 0.0000090405
-0.0610000156 0.0000027378
-0.0632650629 0.0000076492
-0.0630520135 0.0000064243
-0.0617462806 0.0000129952
-0.0619458370 0.0000080941
-0.0625040308 0.0000084188
-0.0626746714 0.0000080615
-0.0638670325 0.0000265517
-0.0634882450 0.0000166092
-0.0622564852 0.0000166370
0.0636667088 0.0000068070
-0.0636696890 0.0000095593
-0.0621354170 0.0000126257
-0.0628215149 0.0000161321
0.0613796487 0.0000088996
-0.0651510954 0.0000077051
