1219.5026855469 0.0000008659
1121.7800292969 0.0000000444
850.8491821289 0.0000013350
819.6989135742 0.0000319956
747.1838989258 0.0000009128
583.1633300781 0.0000000029
444.3692321777 0.0000067398
415.7010192871 0.0000001629
375.3194580078 0.0000000809
341.5197753906 0.0000011869
322.6555480957 0.0000247306
311.2919006348 0.0000006526
295.8481140137 0.0000010383
269.8521728516 0.0000012262
255.4602203369 0.0000005807
229.3451690674 0.0000012049
215.9225463867 0.0000047274
196.9903564453 0.0000070963
184.9412231445 0.0000029805
181.2360687256 0.0000026232
168.1007080078 0.0000008963
161.2457427979 0.0000024572
153.6244659424 0.0000005233
149.1132507324 0.0000016016
143.8655853271 0.0000039474
131.9664306641 0.0000113136
128.4452056885 0.0000118916
120.0556564331 0.0000006100
111.4700393677 0.0000039275
102.3588867188 0.0000097779
99.5484619141 0.0000036265
97.8257522583 0.0000050044
93.0943679810 0.0000000033
91.3828125000 0.0000001006
87.0143890381 0.0000010423
83.6832962036 0.0000016151
80.5410079956 0.0000000295
76.0537490845 0.0000185044
72.0755615234 0.0000005538
69.7583389282 0.0000073476
68.2652282715 0.0000005527
64.9585113525 0.0000037736
63.8554344177 0.0000001078
63.0929641724 0.0000014161
60.2847900391 0.0000023959
59.9615020752 0.0000003043
57.1718330383 0.0000033708
56.5732994080 0.0000008693
52.8352050781 0.0000337790
50.7388839722 0.0000008326
50.6112289429 0.0000047160
49.3772392273 0.0000029601
46.7288932800 0.0000018045
45.3611183167 0.0000014538
44.0507011414 0.0000037790
43.5182571411 0.0000019483
42.1099967957 0.0000105609
40.9871864319 0.0000030868
39.9971275330 0.0000013149
39.5787239075 0.0000000981
38.0732536316 0.0000023610
36.8480300903 0.0000038716
37.3493347168 0.0000000000
36.0047035217 0.0000007565
34.6880073547 0.0000040650
34.4706230164 0.0000004073
33.9101142883 0.0000000042
33.0165939331 0.0000050741
32.5425491333 0.0000034455
32.1140708923 0.0000001653
31.0297851562 0.0000000868
30.3729324341 0.0000183311
29.2156944275 0.0000036546
28.6506271362 0.0000004539
28.0484313965 0.0000166726
27.7527599335 0.0000147577
26.8487014771 0.0000026156
26.5743141174 0.0000127236
26.1560134888 0.0000004795
25.6838626862 0.0000012852
25.3410911560 0.0000012730
24.6127700806 0.0000005913
24.5462913513 0.0000029925
24.2132778168 0.0000003052
23.7699012756 0.0000171715
23.6972141266 0.0000006160
23.0229549408 0.0000000369
22.6352767944 0.0000007992
22.4626750946 0.0000077485
22.2640705109 0.0000020936
21.4531192780 0.0000070699
21.5690746307 0.0000000030
20.7372207642 0.0000011633
20.4826946259 0.0000014510
20.3079299927 0.0000013236
19.9682636261 0.0000005184
19.8936157227 0.0000025630
19.4594707489 0.0000036537
18.9317798615 0.0000161951
18.4419727325 0.0000105388
18.6325588226 0.0000000035
17.8419246674 0.0000008304
17.5727558136 0.0000187376
17.4114265442 0.0000015265
17.2144031525 0.0000003629
17.1217651367 0.0000001097
16.8115749359 0.0000004902
16.7155380249 0.0000011025
16.3295974731 0.0000048680
16.0013389587 0.0000008039
15.8530187607 0.0000006560
15.7088260651 0.0000013620
15.4182662964 0.0000006426
15.3629274368 0.0000063941
15.2422590256 0.0000014461
15.0707607269 0.0000006022
14.8500347137 0.0000084200
14.6874933243 0.0000044269
14.5701580048 0.0000314594
14.3995170593 0.0000012681
14.2533159256 0.0000000003
13.8576107025 0.0000023547
13.7650985718 0.0000036576
13.6166105270 0.0000127188
13.4525699615 0.0000003047
13.3964319229 0.0000008730
13.2104339600 0.0000001660
13.1355848312 0.0000014119
12.9910278320 0.0000009152
12.8956556320 0.0000032602
12.7351875305 0.0000005131
12.6437101364 0.0000000348
12.5458335876 0.0000069362
12.2692260742 0.0000254993
12.2946710587 0.0000005342
12.1206607819 0.0000087913
11.9051246643 0.0000035649
11.7511930466 0.0000076453
11.5742740631 0.0000000000
11.4763336182 0.0000012487
11.3660173416 0.0000001004
11.3404502869 0.0000001033
11.2064104080 0.0000014391
11.1267585754 0.0000029856
10.9780063629 0.0000011866
10.8918619156 0.0000026996
10.7603292465 0.0000091287
10.6823635101 0.0000065799
-8.9572401047 0.0000016272
-8.4933652878 0.0000089181
10.5080718994 0.0000000125
10.4309720993 0.0000081661
10.4575014114 0.0000000010
10.2839498520 0.0000030309
10.2377033234 0.0000010194
10.1776809692 0.0000026162
10.1128940582 0.0000004721
10.0624055862 0.0000019183
9.9290475845 0.0000000922
9.7984848022 0.0000000471
9.7574110031 0.0000120725
9.7241544724 0.0000035894
9.7088680267 0.0000002232
9.5903568268 0.0000103262
-7.5177297592 0.0000017103
9.5021848679 0.0000003288
9.3847875595 0.0000035069
-7.2938823700 0.0000023833
9.3042306900 0.0000005001
9.2604360580 0.0000129550
9.1629924774 0.0000167645
9.1050882339 0.0000010898
9.0989923477 0.0000000676
9.0172672272 0.0000038322
8.8725910187 0.0000059551
8.8601493835 0.0000109553
8.7907800674 0.0000048194
8.7495994568 0.0000011828
8.6805830002 0.0000013305
8.6376390457 0.0000162849
8.5608396530 0.0000008063
8.4972572327 0.0000003941
-6.9191823006 0.0000028669
8.4165811539 0.0000013375
8.3571872711 0.0000063502
8.2945117950 0.0000052262
8.2732915878 0.0000004052
8.2286777496 0.0000000891
8.1519985199 0.0000010774
8.1221227646 0.0000011742
8.0208511353 0.0000022959
7.9986166954 0.0000031440
7.9366860390 0.0000032518
7.8682932854 0.0000038800
7.8378024101 0.0000030086
7.8077864647 0.0000038015
7.7717080116 0.0000138597
-6.2375888824 0.0000001119
7.7352561951 0.0000016459
7.6833066940 0.0000007766
7.6274070740 0.0000174270
7.6033496857 0.0000002369
7.5361552238 0.0000034360
-6.0322942734 0.0000042726
7.4899959564 0.0000007983
7.4630222321 0.0000003347
7.4432353973 0.0000082939
7.3792595863 0.0000002240
7.3138470650 0.0000026730
7.3456950188 0.0000000691
-5.8908133507 0.0000105597
-5.8860049248 0.0000006908
7.2644290924 0.0000000953
7.2280101776 0.0000002386
7.1672530174 0.0000019183
7.1153130531 0.0000152410
-5.6939487457 0.0000004241
7.0691285133 0.0000042100
7.0063652992 0.0000001922
6.9996309280 0.0000001762
6.9541678429 0.0000015870
6.9303183556 0.0000003693
-5.5141611099 0.0000000504
6.8847002983 0.0000036288
6.8473758698 0.0000008136
6.8360395432 0.0000003613
6.7867913246 0.0000019520
6.7525992393 0.0000102617
-5.4122228622 0.0000069081
-5.3495593071 0.0000055441
-5.3136768341 0.0000029660
6.6720194817 0.0000149836
6.6272788048 0.0000009384
6.6006159782 0.0000059212
6.5970416069 0.0000060721
-5.2497797012 0.0000100350
6.5664267540 0.0000001453
6.5061707497 0.0000145077
6.4664897919 0.0000013184
6.4457139969 0.0000003712
6.4340734482 0.0000005963
6.3907160759 0.0000044028
6.3692870140 0.0000017572
-5.1053099632 0.0000026587
-5.0322155952 0.0000040364
6.3157529831 0.0000001965
6.2470607758 0.0000031599
6.2738761902 0.0000002283
6.2638816833 0.0000001942
-4.9199423790 0.0000012723
-4.8907513618 0.0000144302
6.1942944527 0.0000000150
6.1549048424 0.0000031588
6.1166305542 0.0000051045
6.1087989807 0.0000009051
5.9892444611 0.0000031614
6.0338301659 0.0000084100
6.0444841385 0.0000027264
6.0628275871 0.0000000438
-4.7699780464 0.0000000848
5.9550142288 0.0000197072
5.9304752350 0.0000099692
5.8976173401 0.0000185542
-4.7171516418 0.0000017044
5.8736314774 0.0000042105
5.8196349144 0.0000118871
5.7560009956 0.0000054104
5.7708973885 0.0000136004
5.7998871803 0.0000008118
5.8091926575 0.0000000011
-4.5663099289 0.0000009368
-4.5288352966 0.0000028241
5.7062764168 0.0000011438
5.6800413132 0.0000144071
5.6879477501 0.0000006732
-4.5091028214 0.0000041288
5.6182293892 0.0000073307
-4.4221925735 0.0000052645
-4.4081673622 0.0000005343
5.5843672752 0.0000008543
-4.3458857536 0.0000004043
-4.3316993713 0.0000037207
5.5113897324 0.0000073040
5.5478148460 0.0000005100
5.5612926483 0.0000009804
5.5634713173 0.0000001216
5.4425506592 0.0000057542
5.4698638916 0.0000040450
5.4640126228 0.0000010317
-4.2481713295 0.0000064807
-4.2433838844 0.0000003479
5.3938403130 0.0000048693
5.3448395729 0.0000014455
5.3706421852 0.0000054477
5.3644251823 0.0000009523
-4.1518616676 0.0000135232
-4.1460084915 0.0000004461
5.3091931343 0.0000082387
5.3366470337 0.0000000302
5.2689867020 0.0000035940
5.2429866791 0.0000073412
5.2141580582 0.0000111137
-4.0748786926 0.0000029526
5.2085537910 0.0000024197
5.1811604500 0.0000008448
-4.0084037781 0.0000000080
-4.0016937256 0.0000001853
-3.9932494164 0.0000020969
5.1611042023 0.0000000730
-3.9673357010 0.0000066240
5.1248793602 0.0000007865
5.0709156990 0.0000037871
5.1339244843 0.0000000036
-3.9019377232 0.0000063163
-3.8808588982 0.0000033732
5.0546183586 0.0000015658
5.0425004959 0.0000000004
-3.8374948502 0.0000087443
5.0025033951 0.0000009622
4.9946427345 0.0000004644
4.9830598831 0.0000108493
4.9563169479 0.0000009758
-3.8096015453 0.0000009812
4.8927011490 0.0000135043
4.9339923859 0.0000053488
4.9517345428 0.0000000009
-3.7606732845 0.0000006482
-3.7481608391 0.0000010603
4.8708009720 0.0000025793
4.8527722359 0.0000035240
-3.7279772758 0.0000018626
-3.7342851162 0.0000024046
-3.6948215961 0.0000194112
4.8252849579 0.0000190886
4.8097162247 0.0000144379
4.7881875038 0.0000055703
4.7735619545 0.0000011540
4.7575278282 0.0000229975
4.7479186058 0.0000008580
-3.6503562927 0.0000085455
4.7294898033 0.0000005788
4.7065873146 0.0000020922
4.6736497879 0.0000000007
-3.6257274151 0.0000012871
-3.5991473198 0.0000133780
-3.5743794441 0.0000013465
4.6513862610 0.0000000768
4.6269950867 0.0000162510
4.6386671066 0.0000013759
4.6343965530 0.0000031546
4.5734453201 0.0000411274
4.6002154350 0.0000004829
4.5846657753 0.0000002782
4.5539469719 0.0000063270
-3.5597810745 0.0000000097
4.5138673782 0.0000164975
4.5458946228 0.0000026801
-3.5276286602 0.0000130164
4.4915490150 0.0000114197
4.4848632812 0.0000001546
4.4645977020 0.0000038352
4.3965563774 0.0000065285
4.4457907677 0.0000008311
4.4155859947 0.0000065036
4.4245567322 0.0000021682
-3.5047824383 0.0000011088
-3.4758968353 0.0000175571
-3.4698798656 0.0000000001
-3.4374990463 0.0000104882
-3.4176964760 0.0000093091
-3.3977808952 0.0000035904
-3.3859374523 0.0000043718
-3.3694796562 0.0000004128
-3.3437705040 0.0000089091
4.3836584091 0.0000021819
4.3760781288 0.0000017810
-3.3277316093 0.0000063255
4.3447866440 0.0000075162
-3.2992765903 0.0000008162
4.3358840942 0.0000002494
-3.2795405388 0.0000034614
-3.2733609676 0.0000001734
4.3086347580 0.0000051132
4.2918229103 0.0000025980
-3.2405431271 0.0000050975
-3.2240052223 0.0000019986
4.2858495712 0.0000008626
4.2653708458 0.0000048165
-3.2068212032 0.0000010662
-3.1930775642 0.0000012696
-3.1806554794 0.0000069385
4.2428073883 0.0000089447
4.2073373795 0.0000004995
4.2274446487 0.0000000742
4.1927518845 0.0000049450
-3.1577098370 0.0000075322
4.1768527031 0.0000277610
4.1709823608 0.0000020178
-3.1493489742 0.0000001486
4.1514172554 0.0000006717
-3.1317234039 0.0000041355
4.1466569901 0.0000000287
4.1229205132 0.0000078195
4.1269593239 0.0000012525
-3.1098020077 0.0000000629
-3.1027016640 0.0000002231
-3.0885772705 0.0000011355
4.1007895470 0.0000024518
-3.0640745163 0.0000043754
4.0920076370 0.0000049804
4.0764493942 0.0000094512
-3.0484590530 0.0000002726
4.0625090599 0.0000001074
4.0398759842 0.0000085614
4.0456929207 0.0000000049
4.0136837959 0.0000007630
4.0277628899 0.0000071037
4.0225520134 0.0000033566
-3.0300738811 0.0000068535
3.9754493237 0.0000004086
-3.0149917603 0.0000029727
-3.0202381611 0.0000000198
-2.9993422031 0.0000133426
3.9689915180 0.0000001232
-2.9712283611 0.0000016254
-2.9827668667 0.0000000661
3.9441056252 0.0000010199
3.9286859035 0.0000074485
3.9344658852 0.0000000445
3.8578662872 0.0000152081
3.8985834122 0.0000069639
3.9180064201 0.0000003913
3.9052915573 0.0000008824
3.9087839127 0.0000050939
3.8418936729 0.0000082128
3.8235681057 0.0000032885
3.8310594559 0.0000000207
3.7946946621 0.0000017207
3.7862279415 0.0000240995
3.6920118332 0.0000053330
3.7053537369 0.0000041502
3.7131562233 0.0000062890
3.7363672256 0.0000181482
3.7498626709 0.0000018131
3.7761263847 0.0000101580
3.7683026791 0.0000006608
3.7749903202 0.0000008263
3.7249324322 0.0000052321
-2.9616761208 0.0000025420
-2.9520046711 0.0000016917
-2.9172446728 0.0000148051
-2.9293267727 0.0000021675
-2.9307034016 0.0000000481
-2.9052257538 0.0000000701
-2.8994584084 0.0000015846
-2.8868420124 0.0000029033
-2.8683826923 0.0000002165
-2.8558235168 0.0000073750
-2.8376908302 0.0000000941
-2.8251011372 0.0000004107
-2.8186986446 0.0000041396
-2.7851974964 0.0000009886
-2.7921509743 0.0000057338
-2.7976784706 0.0000051121
3.6760818958 0.0000002530
3.6703822613 0.0000001115
-2.7757754326 0.0000000286
3.6317503452 0.0000061564
3.6544880867 0.0000000180
3.6494042873 0.0000000040
3.6088643074 0.0000122720
-2.7592172623 0.0000003507
-2.7502822876 0.0000001774
-2.7394752502 0.0000004181
-2.7343454361 0.0000000022
-2.7074189186 0.0000118611
-2.7128427029 0.0000011016
3.6017642021 0.0000000207
3.5883238316 0.0000341737
3.5767130852 0.0000016919
3.5689389706 0.0000271484
3.5512990952 0.0000000861
-2.6903033257 0.0000009921
-2.6841301918 0.0000044657
-2.6776185036 0.0000128136
3.5353796482 0.0000051556
3.5411243439 0.0000007306
3.5228235722 0.0000026649
3.5142834187 0.0000018693
3.5071673393 0.0000033708
3.4986951351 0.0000012853
-2.6623842716 0.0000003935
-2.6673715115 0.0000000046
-2.6404592991 0.0000025837
-2.6422929764 0.0000061748
-2.6491317749 0.0000007184
3.4837727547 0.0000125316
3.4609563351 0.0000001334
3.4835228920 0.0000033935
3.4466614723 0.0000005627
3.4340879917 0.0000074934
3.4239304066 0.0000028045
3.4168448448 0.0000000239
3.4121582508 0.0000025369
3.4103200436 0.0000080949
3.3912069798 0.0000008258
3.3438420296 0.0000233023
3.3610358238 0.0000085967
3.3697168827 0.0000044578
3.3858625889 0.0000029044
3.3747639656 0.0000027497
3.3824806213 0.0000054580
3.2735264301 0.0000039197
3.2898716927 0.0000059390
3.3256287575 0.0000051032
3.3322939873 0.0000020170
3.2326667309 0.0000103991
3.2303228378 0.0000004832
3.3101511002 0.0000000142
3.3177645206 0.0000000715
3.2479434013 0.0000033037
3.2516644001 0.0000041022
3.2613053322 0.0000000920
-2.6221692562 0.0000075540
-2.6192295551 0.0000002814
-2.6009569168 0.0000101682
-2.5944166183 0.0000026330
-2.5853505135 0.0000019104
-2.5785603523 0.0000003342
-2.5730860233 0.0000018954
-2.5609149933 0.0000139700
-2.5354611874 0.0000137720
-2.5522558689 0.0000128763
-2.5535376072 0.0000001936
-2.5300035477 0.0000000553
-2.5211219788 0.0000001546
-2.4961559772 0.0000092741
-2.5063252449 0.0000000780
-2.5097649097 0.0000000495
-2.4840006828 0.0000057892
-2.4847319126 0.0000032886
-2.4728364944 0.0000076399
-2.4702246189 0.0000022069
-2.4389321804 0.0000017185
-2.4508042336 0.0000003154
-2.4459679127 0.0000011353
-2.4313058853 0.0000051796
-2.4072237015 0.0000017116
-2.4256088734 0.0000021238
-2.4240970612 0.0000005387
3.2229361534 0.0000008248
3.2167868614 0.0000005257
3.2099745274 0.0000076159
-2.4127194881 0.0000000587
3.1899280548 0.0000009774
3.1971018314 0.0000003234
3.2062864304 0.0000004318
3.1566841602 0.0000031945
3.1663031578 0.0000101844
3.1698813438 0.0000000110
3.1384634972 0.0000116947
3.1484303474 0.0000204394
3.1541569233 0.0000131264
3.1157953739 0.0000030360
3.1188802719 0.0000013392
3.0998313427 0.0000001185
3.0923027992 0.0000064228
3.0871560574 0.0000017419
3.0822546482 0.0000002040
3.0725140572 0.0000004989
3.0584688187 0.0000019073
3.0526187420 0.0000022152
3.0445940495 0.0000209670
3.0385315418 0.0000015490
3.0676560402 0.0000003250
3.0222835541 0.0000019335
2.9497835636 0.0000017248
2.9351494312 0.0000100972
2.9249634743 0.0000030056
2.9268376827 0.0000031126
3.0196866989 0.0000015107
3.0173761845 0.0000008981
3.0080926418 0.0000001433
2.9985058308 0.0000005305
2.9938941002 0.0000010043
2.9825704098 0.0000002226
2.9597623348 0.0000000363
2.9628953934 0.0000008320
2.9752790928 0.0000004371
2.9697780609 0.0000001427
-2.3979332447 0.0000005277
-2.3878569603 0.0000050821
-2.3658785820 0.0000004499
-2.3738546371 0.0000010379
-2.3742799759 0.0000000203
-2.3545184135 0.0000001028
-2.3441169262 0.0000025983
-2.3353683949 0.0000007602
-2.3323273659 0.0000023303
-2.3092498779 0.0000012194
-2.3252904415 0.0000081657
-2.3141555786 0.0000027800
-2.3198275566 0.0000004857
-2.2985665798 0.0000065611
-2.2868292332 0.0000106684
-2.2829332352 0.0000022854
-2.2527318001 0.0000112511
-2.2720210552 0.0000062257
-2.2802460194 0.0000000923
-2.2696590424 0.0000003482
-2.2358231544 0.0000008321
-2.2424912453 0.0000188282
-2.2484860420 0.0000009042
2.9123766422 0.0000041298
2.9197616577 0.0000000262
2.9082520008 0.0000102890
2.9008979797 0.0000021190
2.8938159943 0.0000017323
2.8901236057 0.0000009455
2.8838255405 0.0000005877
2.8505790234 0.0000014831
2.8562762737 0.0000031120
2.8739452362 0.0000042735
2.8622403145 0.0000035924
2.8705143929 0.0000004272
2.8457808495 0.0000030426
2.8367695808 0.0000023517
2.8286771774 0.0000005495
2.6935524940 0.0000229106
2.6955697536 0.0000010347
2.8261740208 0.0000003280
2.8201544285 0.0000001544
2.8118948936 0.0000005976
2.7869544029 0.0000190414
2.7924931049 0.0000059237
2.7081692219 0.0000007516
2.7706296444 0.0000001496
2.8075280190 0.0000005827
2.8029105663 0.0000044324
2.7328526974 0.0000217910
2.7220442295 0.0000005527
2.7095782757 0.0000008707
2.7520861626 0.0000037918
2.7245912552 0.0000005548
2.7786781788 0.0000001663
2.8013706207 0.0000000780
2.7587826252 0.0000000002
2.7411997318 0.0000018177
2.7466895580 0.0000009117
2.7455961704 0.0000001954
-2.2225100994 0.0000001899
-2.2099573612 0.0000005815
-2.2159001827 0.0000020747
-2.2288608551 0.0000000004
-2.1927113533 0.0000113535
-2.2012047768 0.0000045645
-2.1945340633 0.0000002616
-2.1763079166 0.0000002059
-2.1660349369 0.0000092640
-2.1566138268 0.0000111923
-2.1574156284 0.0000007599
-2.1521692276 0.0000005604
-2.1348803043 0.0000114238
-2.1305780411 0.0000099567
-2.1207532883 0.0000019269
-2.1291251183 0.0000046399
-2.1128919125 0.0000021633
-2.0964412689 0.0000000059
-2.1005325317 0.0000079051
-2.1100206375 0.0000000507
-2.1064565182 0.0000001420
2.6809613705 0.0000024883
2.6855289936 0.0000005743
2.6761338711 0.0000001545
2.6685814857 0.0000009513
2.6634984016 0.0000072451
2.6560811996 0.0000096958
2.6486780643 0.0000016296
2.5135729313 0.0000124417
2.5232594013 0.0000002496
2.5334949493 0.0000010480
2.6262061596 0.0000169641
2.6314871311 0.0000006658
2.6398015022 0.0000000305
2.6386137009 0.0000005929
2.6178448200 0.0000007876
2.6154036522 0.0000036548
2.6079857349 0.0000127485
2.6044847965 0.0000015933
2.5918099880 0.0000024640
2.5553143024 0.0000036011
2.5414497852 0.0000126133
2.5386462212 0.0000000126
2.5443124771 0.0000003817
2.6004536152 0.0000008734
2.5646545887 0.0000019270
2.5699868202 0.0000197055
2.5749707222 0.0000051842
2.5587749481 0.0000042681
2.5846204758 0.0000011907
2.5867354870 0.0000004439
2.5727128983 0.0000005113
-2.0612423420 0.0000005859
-2.0682497025 0.0000006418
-2.0755128860 0.0000000932
-2.0732803345 0.0000000535
-2.0577967167 0.0000001759
-2.0468606949 0.0000006096
-2.0379941463 0.0000033529
-2.0345127583 0.0000020230
-2.0292599201 0.0000171292
-2.0201978683 0.0000062980
-2.0264708996 0.0000003010
-2.0101861954 0.0000001907
-2.0045878887 0.0000004260
-1.9676251411 0.0000017419
-1.9744644165 0.0000063484
-1.9946997166 0.0000000439
-1.9913580418 0.0000005281
-1.9831737280 0.0000007109
-1.9859189987 0.0000001387
2.5187015533 0.0000006052
2.5050458908 0.0000006085
2.4950981140 0.0000023623
2.5027959347 0.0000005716
2.5256946087 0.0000000006
2.3717892170 0.0000104952
2.3771691322 0.0000016626
2.4882133007 0.0000011316
2.4849874973 0.0000011426
2.3829033375 0.0000016147
2.4760951996 0.0000064014
2.4746625423 0.0000015238
2.3914282322 0.0000014053
2.3957252502 0.0000019509
2.4619808197 0.0000063497
2.4656174183 0.0000003835
2.4650943279 0.0000000942
2.4572005272 0.0000000627
2.4488053322 0.0000154602
2.4457681179 0.0000015264
2.4106733799 0.0000096510
2.4018929005 0.0000011037
2.4021713734 0.0000003542
2.4047384262 0.0000012457
2.4368417263 0.0000039335
2.4394979477 0.0000064028
2.4168365002 0.0000006505
2.4328956604 0.0000053299
2.4197292328 0.0000018207
2.4216580391 0.0000005667
2.4299013615 0.0000000594
-1.9548201561 0.0000012909
-1.9626693726 0.0000000503
-1.9488406181 0.0000034383
-1.9431149960 0.0000001543
-1.9376498461 0.0000003198
-1.9293148518 0.0000028897
-1.9254420996 0.0000013627
-1.9118803740 0.0000170743
-1.9002736807 0.0000016599
-1.9091289043 0.0000003287
-1.8926018476 0.0000007784
-1.8863723278 0.0000019218
-1.9231089354 0.0000031753
-1.8594156504 0.0000171028
-1.8812177181 0.0000024431
-1.8671275377 0.0000028981
-1.8719884157 0.0000030555
-1.8752074242 0.0000004737
2.2620429993 0.0000252243
2.2661759853 0.0000232795
2.3624713421 0.0000109620
2.2728438377 0.0000098659
2.2732543945 0.0000039983
2.2789649963 0.0000020027
2.2821655273 0.0000015866
2.3761289120 0.0000007465
2.3610782623 0.0000128867
2.3531875610 0.0000095444
2.3476281166 0.0000106710
2.2891783714 0.0000090514
2.3438069820 0.0000078592
2.2964324951 0.0000012451
2.3338921070 0.0000056986
2.3079738617 0.0000048688
2.3052418232 0.0000180350
2.2915084362 0.0000002468
2.3366727829 0.0000095632
2.3386781216 0.0000000190
2.3269491196 0.0000024400
2.3242914677 0.0000271065
2.3029096127 0.0000006078
2.3218312263 0.0000020672
2.3175423145 0.0000002384
2.3139324188 0.0000002303
-1.8625239134 0.0000013255
-1.8541616201 0.0000060813
-1.8544156551 0.0000027753
-1.8407895565 0.0000106276
-1.8456265926 0.0000001283
-1.8373193741 0.0000035898
-1.8277146816 0.0000012612
-1.8167530298 0.0000009537
-1.7780820131 0.0000026361
-1.8141967058 0.0000000436
-1.8099910021 0.0000000256
-1.8020845652 0.0000005524
-1.7994155884 0.0000060860
-1.7953218222 0.0000028964
-1.7889865637 0.0000228517
-1.7872045040 0.0000000634
2.1664619446 0.0000023256
2.1678504944 0.0000006770
2.1733195782 0.0000000543
2.1751673222 0.0000022334
2.1817078590 0.0000020786
2.1851334572 0.0000057687
2.2501635551 0.0000141488
2.2537052631 0.0000028186
2.2479555607 0.0000076336
2.2408266068 0.0000021548
2.1892640591 0.0000006294
2.1926987171 0.0000024985
2.1993496418 0.0000059331
2.2176735401 0.0000036441
2.2582287788 0.0000000817
2.2102131844 0.0000020063
2.2219040394 0.0000021963
2.2020990849 0.0000022026
2.2044372559 0.0000018404
2.2067170143 0.0000003244
2.2336242199 0.0000005032
2.2300794125 0.0000003867
2.2252943516 0.0000082229
2.2264373302 0.0000013752
-1.7743929625 0.0000050776
-1.7681192160 0.0000052857
-1.7553958893 0.0000263561
-1.7590941191 0.0000000715
-1.7493468523 0.0000023708
-1.7462725639 0.0000184335
-1.7356016636 0.0000066976
-1.7436240911 0.0000007020
-1.7084858418 0.0000056318
-1.7117922306 0.0000017161
-1.7403664589 0.0000000002
-1.7171154022 0.0000065116
-1.7301158905 0.0000008514
-1.7241106033 0.0000030263
-1.7227025032 0.0000014389
2.0820157528 0.0000110387
2.0887992382 0.0000188438
2.0903184414 0.0000185305
2.1582000256 0.0000037533
2.1492841244 0.0000023518
2.1558237076 0.0000009486
2.1412951946 0.0000061299
2.1396806240 0.0000057224
2.1284103394 0.0000026561
2.1337239742 0.0000019008
2.1535816193 0.0000000016
2.1370639801 0.0000002379
2.0951631069 0.0000001814
2.1234214306 0.0000106247
2.0961735249 0.0000007117
2.1006133556 0.0000069818
2.1165685654 0.0000058218
2.1221184731 0.0000005526
2.1033134460 0.0000081789
2.1037061214 0.0000028280
2.1141347885 0.0000017629
2.1070168018 0.0000001655
2.1087911129 0.0000032672
-1.7015119791 0.0000138997
-1.6982338428 0.0000004479
-1.6942414045 0.0000094480
-1.6873356104 0.0000018940
-1.6888648272 0.0000000025
-1.6770633459 0.0000006113
-1.6734937429 0.0000001640
-1.6650650501 0.0000004155
-1.6700567007 0.0000001000
-1.6632782221 0.0000000445
-1.6575071812 0.0000000084
-1.6501529217 0.0000005236
-1.6470135450 0.0000101030
-1.6435365677 0.0000046764
-1.6425899267 0.0000040592
-1.6456040144 0.0000000290
2.0139067173 0.0000024170
2.0178129673 0.0000003316
2.0202121735 0.0000111514
2.0231482983 0.0000117817
2.0281887054 0.0000048796
2.0787506104 0.0000003450
2.0732479095 0.0000024404
2.0314874649 0.0000007803
2.0353446007 0.0000083660
2.0369272232 0.0000106831
2.0708899498 0.0000005292
2.0413200855 0.0000002803
2.0267903805 0.0000002052
2.0657813549 0.0000002685
2.0625514984 0.0000000699
2.0465028286 0.0000036551
2.0587773323 0.0000004613
2.0485062599 0.0000056446
2.0560867786 0.0000000116
2.0527892113 0.0000000708
2.0507521629 0.0000051140
-1.6334104538 0.0000009867
-1.6264948845 0.0000029666
-1.6245497465 0.0000013266
-1.6204496622 0.0000097214
-1.6188822985 0.0000004541
-1.5948834419 0.0000047486
-1.6079237461 0.0000025898
-1.6025601625 0.0000010691
-1.6052925587 0.0000006002
-1.6139447689 0.0000000004
-1.5813786983 0.0000159922
-1.5982400179 0.0000000494
-1.5839484930 0.0000063262
-1.5893951654 0.0000059659
-1.5868754387 0.0000000874
1.9508438110 0.0000056792
1.9533925056 0.0000155255
1.9559847116 0.0000014740
1.9584596157 0.0000011266
1.9642544985 0.0000001632
2.0103638172 0.0000005019
2.0034708977 0.0000018810
1.9665676355 0.0000100451
1.9678028822 0.0000003784
1.9844045639 0.0000004062
1.9698464870 0.0000040952
2.0047152042 0.0000026130
1.9703708887 0.0000011321
1.9899801016 0.0000002381
1.9798070192 0.0000009471
2.0059337616 0.0000000028
1.9804039001 0.0000001006
1.9933762550 0.0000033619
1.9923331738 0.0000022926
1.9787209034 0.0000080799
1.9964078665 0.0000000264
-1.5636808872 0.0000473740
-1.5754368305 0.0000007505
-1.5732386112 0.0000030433
-1.5606032610 0.0000122082
-1.5672852993 0.0000008546
-1.5511444807 0.0000389113
-1.5541421175 0.0000077631
-1.5717549324 0.0000000009
-1.5333915949 0.0000030865
-1.5361862183 0.0000011024
-1.5388745070 0.0000069125
-1.5429855585 0.0000024251
-1.5449929237 0.0000047011
-1.5458191633 0.0000024121
-1.5482922792 0.0000000566
1.9006385803 0.0000077021
1.9030090570 0.0000160614
1.9031065702 0.0000037743
1.9467431307 0.0000062312
1.9251953363 0.0000344192
1.9181201458 0.0000034230
1.9066480398 0.0000015174
1.9210983515 0.0000022672
1.9153032303 0.0000136310
1.9284585714 0.0000038647
1.9113717079 0.0000004962
1.9069344997 0.0000003333
1.9414350986 0.0000014101
1.9141154289 0.0000000034
1.9318355322 0.0000072837
1.9341570139 0.0000000583
1.9381440878 0.0000022395
1.9378266335 0.0000017683
1.9332270622 0.0000000091
-1.5283207893 0.0000005251
-1.5256775618 0.0000002196
-1.5191204548 0.0000004965
-1.5147817135 0.0000023549
-1.5134476423 0.0000031104
-1.5118319988 0.0000077709
-1.5098090172 0.0000010224
-1.5054332018 0.0000020039
-1.5007133484 0.0000150925
-1.4997160435 0.0000102790
-1.4886677265 0.0000022722
-1.4919803143 0.0000020740
-1.4975488186 0.0000010468
-1.4958667755 0.0000041280
-1.4936516285 0.0000000034
1.8443685770 0.0000014967
1.8479467630 0.0000096936
1.8928922415 0.0000035168
1.8876923323 0.0000000955
1.8965786695 0.0000004801
1.8526793718 0.0000330144
1.8539818525 0.0000007640
1.8583884239 0.0000008350
1.8839148283 0.0000040638
1.8826059103 0.0000024619
1.8492071629 0.0000000434
1.8509469032 0.0000001752
1.8614064455 0.0000185730
1.8629157543 0.0000017850
1.8800414801 0.0000000401
1.8780719042 0.0000016704
1.8691656590 0.0000125087
1.8738491535 0.0000033580
1.8724939823 0.0000019372
1.8656389713 0.0000014804
-1.4795353413 0.0000064002
-1.4783310890 0.0000009206
-1.4762094021 0.0000029612
-1.4719024897 0.0000045529
-1.4712308645 0.0000002463
-1.4671912193 0.0000021163
-1.4646158218 0.0000000069
-1.4602729082 0.0000007455
-1.4556893110 0.0000066259
-1.4548767805 0.0000000556
-1.4521719217 0.0000004563
-1.4116901159 0.0000047341
-1.4143210649 0.0000122346
-1.4483678341 0.0000006059
-1.4507790804 0.0000003826
-1.4203718901 0.0000013382
-1.4217954874 0.0000128452
-1.4229031801 0.0000012179
-1.4294734001 0.0000021276
-1.4433279037 0.0000126450
-1.4335970879 0.0000068128
-1.4261617661 0.0000003766
-1.4363636971 0.0000028923
-1.4423509836 0.0000094213
-1.4410254955 0.0000010884
1.8412914276 0.0000016192
1.8392288685 0.0000150856
1.7925739288 0.0000093089
1.8316913843 0.0000023417
1.8357032537 0.0000073437
1.8265212774 0.0000097162
1.8144847155 0.0000031329
1.8364833593 0.0000003476
1.8019571304 0.0000009416
1.8077372313 0.0000182840
1.8109899759 0.0000037888
1.8241879940 0.0000017235
1.8223515749 0.0000004391
1.8215223551 0.0000095657
1.8208585978 0.0000007657
1.7960616350 0.0000001012
1.7985935211 0.0000028902
1.8050065041 0.0000000003
1.7898038626 0.0000000049
1.7863460779 0.0000110036
1.7845582962 0.0000022046
1.7805711031 0.0000052916
1.7786445618 0.0000065795
1.7758930922 0.0000005627
1.7748891115 0.0000018094
1.7715024948 0.0000012671
1.6395533085 0.0000058607
1.6418964863 0.0000025795
1.6448599100 0.0000015346
1.6471564770 0.0000086315
1.6495770216 0.0000001016
1.7684864998 0.0000007398
1.7675623894 0.0000021952
1.7653828859 0.0000004902
1.7632218599 0.0000004888
1.7609890699 0.0000143848
1.7581186295 0.0000034232
1.6528618336 0.0000002281
1.6558479071 0.0000059987
1.6578793526 0.0000007005
1.7553474903 0.0000097698
1.7522233725 0.0000018011
1.7506543398 0.0000011857
1.7489008904 0.0000133756
1.7480456829 0.0000013593
1.6617372036 0.0000021385
1.7438958883 0.0000001923
1.6635454893 0.0000012390
1.6651678085 0.0000113410
1.6711564064 0.0000043082
1.7435286045 0.0000000028
1.7397490740 0.0000011897
1.6747736931 0.0000015581
1.6767570972 0.0000021570
1.7325335741 0.0000189702
1.7271027565 0.0000017039
1.7292765379 0.0000001514
1.7239841223 0.0000073091
1.7233164310 0.0000042587
1.6792095900 0.0000022190
1.7223263979 0.0000000965
1.7181253433 0.0000182281
1.7165175676 0.0000031331
1.6680099964 0.0000034815
1.7371628284 0.0000000242
1.7346675396 0.0000160508
1.7114229202 0.0000017079
1.6873741150 0.0000089289
1.6848270893 0.0000103608
1.6855168343 0.0000053546
1.6901010275 0.0000159839
1.6907833815 0.0000076167
1.7100013494 0.0000011055
1.7079524994 0.0000001415
1.6991288662 0.0000042290
1.6964241266 0.0000020280
1.6951385736 0.0000096573
1.7004437447 0.0000001555
1.7025254965 0.0000022408
1.7055903673 0.0000067999
-1.4093749523 0.0000245204
-1.4009928703 0.0000209200
-1.4049555063 0.0000098187
-1.4042423964 0.0000034239
-1.4031355381 0.0000003204
-1.3970353603 0.0000007128
-1.3852201700 0.0000029732
-1.3925749063 0.0000071434
-1.3872280121 0.0000123371
-1.3879959583 0.0000152586
-1.3906468153 0.0000001002
1.6321450472 0.0000038909
1.6346563101 0.0000002396
-1.3678026199 0.0000022412
-1.3713238239 0.0000010526
-1.3739556074 0.0000002032
-1.3768322468 0.0000000403
-1.3845849037 0.0000004852
-1.3822373152 0.0000126429
-1.3815736771 0.0000000068
1.5541712046 0.0000041370
1.5664212704 0.0000154471
1.5695352554 0.0000021830
1.5730240345 0.0000015549
1.5880370140 0.0000159880
1.5906322002 0.0000040947
1.5960611105 0.0000010139
1.5988051891 0.0000052013
1.5998897552 0.0000039443
1.6031675339 0.0000016428
1.6062414646 0.0000198942
1.6095105410 0.0000011446
1.6125816107 0.0000003873
1.6155216694 0.0000086795
1.6189260483 0.0000027101
1.6208820343 0.0000060512
1.6233249903 0.0000012923
1.6271234751 0.0000001529
1.6311345100 0.0000001285
-1.3075652122 0.0000162131
-1.3661310673 0.0000000998
-1.3530511856 0.0000058355
-1.3580002785 0.0000002194
-1.3617457151 0.0000026917
-1.3290351629 0.0000120060
-1.3312834501 0.0000039666
-1.3357300758 0.0000108830
-1.3347076178 0.0000076162
-1.3507925272 0.0000078838
-1.3562083244 0.0000001041
-1.3556854725 0.0000000425
-1.3488804102 0.0000013026
-1.3626675606 0.0000000059
-1.3421286345 0.0000130189
-1.3465017080 0.0000003240
-1.3442445993 0.0000043411
1.5402426720 0.0000158042
1.5428695679 0.0000233565
1.5445460081 0.0000079319
1.5488420725 0.0000064796
1.5523327589 0.0000034803
1.5574045181 0.0000056793
1.5599870682 0.0000036272
1.5629773140 0.0000059036
1.5759531260 0.0000014834
1.5844032764 0.0000021525
1.5808649063 0.0000143604
1.5777322054 0.0000113875
-1.3125882149 0.0000007159
-1.3268865347 0.0000039270
-1.3154113293 0.0000046410
-1.3236477375 0.0000006796
-1.3177604675 0.0000018522
-1.3374810219 0.0000061845
-1.3191522360 0.0000075746
-1.3213033676 0.0000000012
1.4973084927 0.0000413859
1.5010890961 0.0000161629
1.5022863150 0.0000100215
1.5056918859 0.0000004821
1.5097334385 0.0000073679
1.5128843784 0.0000035317
1.5320307016 0.0000047744
1.5168219805 0.0000109618
1.5369234085 0.0000004030
1.5225120783 0.0000010687
1.5261117220 0.0000012071
1.5180703402 0.0000069489
1.5287233591 0.0000047699
1.3750722408 0.0000145332
1.3780133724 0.0000160490
1.3878428936 0.0000134286
1.3945133686 0.0000113838
1.3977652788 0.0000072995
1.4011992216 0.0000037100
1.4863500595 0.0000049621
1.4877754450 0.0000082541
1.4949436188 0.0000012554
1.4085768461 0.0000385948
1.4817912579 0.0000057709
1.4110991955 0.0000113240
1.4781706333 0.0000097578
1.4164538383 0.0000078364
1.4766107798 0.0000115783
1.4722087383 0.0000088216
1.4220420122 0.0000068424
1.4685769081 0.0000111763
1.4259436131 0.0000034591
1.4186643362 0.0000145265
1.4361209869 0.0000122568
1.4493724108 0.0000141301
1.4521396160 0.0000022191
1.4665536880 0.0000114829
1.4630042315 0.0000127254
1.4613096714 0.0000083744
1.4386126995 0.0000029813
1.4578406811 0.0000013770
1.4291779995 0.0000179947
1.4327666759 0.0000090111
1.4464278221 0.0000034468
1.4423851967 0.0000077633
-1.2986210585 0.0000044722
-1.3102746010 0.0000000443
-1.3001806736 0.0000064260
-1.3035718203 0.0000034313
-1.3068752289 0.0000000647
1.3804494143 0.0000094475
1.3900494576 0.0000328416
1.3843677044 0.0000109396
1.4053682089 0.0000057836
-1.2964878082 0.0000015029
-1.2790797949 0.0000048286
-1.2919344902 0.0000004380
-1.2937220335 0.0000035492
-1.2822924852 0.0000237956
-1.2873533964 0.0000002727
-1.2854274511 0.0000001174
-1.2848587036 0.0000000845
1.3057614565 0.0000330094
1.3313052654 0.0000168754
1.3336875439 0.0000193524
1.3370325565 0.0000031818
1.3418424129 0.0000065148
1.3445141315 0.0000048963
1.3488664627 0.0000087954
1.3513350487 0.0000190300
1.3544017076 0.0000288074
1.3639876842 0.0000061640
1.3584988117 0.0000019659
1.3620582819 0.0000133867
1.3703891039 0.0000026226
-1.2745239735 0.0000028878
-1.2708534002 0.0000220073
-1.2755546570 0.0000002782
-1.2747116089 0.0000002443
-1.2946661711 0.0000000005
-1.2685233355 0.0000117786
-1.2774745226 0.0000000003
-1.2477949858 0.0000028520
-1.2622377872 0.0000013904
-1.2568724155 0.0000019690
-1.2590444088 0.0000049210
-1.2643313408 0.0000009386
-1.2650223970 0.0000005298
1.2865684032 0.0000036750
1.2982689142 0.0000309349
1.2936394215 0.0000136306
1.2914259434 0.0000032863
1.3026868105 0.0000076830
1.3085601330 0.0000283723
1.3229182959 0.0000306625
1.3185064793 0.0000170339
1.3126060963 0.0000109343
1.3263258934 0.0000032764
1.3166953325 0.0000086411
-1.2152221203 0.0000008744
-1.2162489891 0.0000001605
-1.2180683613 0.0000008509
-1.2579456568 0.0000004375
-1.2204133272 0.0000043120
-1.2205605507 0.0000018092
-1.2235550880 0.0000381501
-1.2225103378 0.0000195907
-1.2526997328 0.0000004929
-1.2402173281 0.0000071282
-1.2433452606 0.0000013854
-1.2465908527 0.0000133837
-1.2341574430 0.0000065395
-1.2260769606 0.0000000871
-1.2471622229 0.0000001059
-1.2390682697 0.0000002971
-1.2355918884 0.0000001581
-1.2506042719 0.0000074631
-1.2292851210 0.0000047545
-1.2313910723 0.0000004527
-1.2452383041 0.0000000286
1.2165149450 0.0000084788
1.2239210606 0.0000230837
1.2276296616 0.0000269018
1.2312870026 0.0000135723
1.2788175344 0.0000102339
1.2746746540 0.0000139719
1.2377885580 0.0000042531
1.2420082092 0.0000061739
1.2499424219 0.0000108001
1.2651377916 0.0000069598
1.2331387997 0.0000274748
1.2681999207 0.0000096635
1.2449690104 0.0000125499
1.2600376606 0.0000074794
1.2538223267 0.0000025545
1.2714896202 0.0000109277
1.2579495907 0.0000096267
1.2831293344 0.0000022543
-1.1230654716 0.0000153154
-1.2051918507 0.0000045600
-1.2065968513 0.0000062075
-1.2079589367 0.0000012141
-1.2118911743 0.0000003527
-1.2109556198 0.0000001954
-1.2126116753 0.0000000004
1.2188363075 0.0000513159
1.2046719790 0.0000148411
1.2085467577 0.0000374035
1.2116910219 0.0000067769
-1.1831068993 0.0000003611
-1.1850278378 0.0000042650
-1.1859306097 0.0000012080
-1.1908955574 0.0000057280
-1.1894726753 0.0000001099
-1.1935058832 0.0000017449
-1.1955720186 0.0000039959
-1.1973901987 0.0000008942
-1.2024997473 0.0000049465
-1.2002257109 0.0000006583
-1.1987483501 0.0000001854
1.2023445368 0.0000369657
1.1711000204 0.0000128640
1.1969336271 0.0000187296
1.1932692528 0.0000083648
1.1895853281 0.0000231120
1.1866632700 0.0000165789
1.1749231815 0.0000164503
1.1784857512 0.0000173488
1.1822383404 0.0000187859
-1.1388757229 0.0000012449
-1.1417371035 0.0000017300
-1.1438814402 0.0000029698
-1.1477005482 0.0000117840
-1.1565029621 0.0000169842
-1.1706069708 0.0000072303
-1.1698931456 0.0000024560
-1.1754120588 0.0000023568
-1.1797463894 0.0000008274
-1.1792292595 0.0000005973
-1.1464033127 0.0000026865
-1.1586666107 0.0000047863
-1.1765118837 0.0000011895
-1.1663646698 0.0000030209
-1.1513659954 0.0000032341
-1.1656687260 0.0000078209
-1.1603661776 0.0000035543
-1.1617672443 0.0000046380
-1.1632260084 0.0000007771
1.0894796848 0.0000181230
1.0934060812 0.0000105303
1.0978243351 0.0000245572
1.1665047407 0.0000242313
1.1597503424 0.0000259761
1.1557551622 0.0000086262
1.1014389992 0.0000184103
1.1509971619 0.0000104776
1.1362656355 0.0000355251
1.1400865316 0.0000199907
1.1442248821 0.0000460296
1.1059950590 0.0000076255
1.1204379797 0.0000525078
1.1639587879 0.0000141270
1.1329607964 0.0000091783
1.1471748352 0.0000174502
1.1100342274 0.0000094997
1.1164673567 0.0000143088
1.1131047010 0.0000265737
1.1249079704 0.0000119232
1.1272023916 0.0000102783
-1.0640814304 0.0000049378
-1.0663148165 0.0000033968
-1.0707757473 0.0000153610
-1.0722240210 0.0000099219
-1.0831063986 0.0000018307
-1.0797076225 0.0000163425
-1.0764163733 0.0000030768
-1.0777964592 0.0000109006
-1.0866800547 0.0000066065
-1.0882159472 0.0000133793
-1.0902520418 0.0000028520
-1.0941406488 0.0000041957
-1.1057406664 0.0000171318
-1.1207286119 0.0000054390
-1.1252882481 0.0000063759
-1.1174175739 0.0000044012
-1.1032261848 0.0000103171
-1.1118621826 0.0000131310
-1.1083477736 0.0000072367
-1.1153475046 0.0000046612
-1.1139404774 0.0000108842
-1.0953707695 0.0000055065
-1.0974074602 0.0000093201
-1.1011915207 0.0000018839
-1.1356754303 0.0000181391
-1.1310490370 0.0000109413
-1.1320770979 0.0000076755
-1.1484563351 0.0000093919
-1.1276758909 0.0000024611
-1.1341063976 0.0000090183
1.0776997805 0.0000078666
1.0819360018 0.0000266481
1.0852192640 0.0000104416
-1.0623267889 0.0000015629
1.0705485344 0.0000352898
1.0732237101 0.0000189164
1.0502002239 0.0000212507
1.0657151937 0.0000171284
1.0624228716 0.0000576550
1.0596591234 0.0000214397
1.0548908710 0.0000143738
-1.0526661873 0.0000257129
-1.0369271040 0.0000098566
-1.0562875271 0.0000072158
-1.0588011742 0.0000060623
-1.0506677628 0.0000164399
-1.0481567383 0.0000063114
-1.0444133282 0.0000067585
-1.0460678339 0.0000192001
-1.0403262377 0.0000036635
1.0456745625 0.0000114369
1.0425872803 0.0000120696
1.0388511419 0.0000131036
1.0344854593 0.0000579531
1.0305258036 0.0000293157
1.0272837877 0.0000131918
1.0232073069 0.0000366989
1.0187513828 0.0000355578
-1.0349650383 0.0000047104
-0.8028289676 0.0000413812
-1.0292239189 0.0000088776
-1.0317742825 0.0000051396
1.0119154453 0.0000357907
1.0153940916 0.0000326394
-1.0256507397 0.0000072552
0.8337740898 0.0000531435
-1.0232937336 0.0000028576
1.0067446232 0.0000250696
-0.9261884689 0.0000088692
-1.0182576180 0.0000030535
-1.0211020708 0.0000066253
-1.0125012398 0.0000070245
-1.0164926052 0.0000103647
-0.9295362234 0.0000068748
-0.9324676991 0.0000137224
-0.9357403517 0.0000149360
1.0037430525 0.0000311819
0.9995775223 0.0000186999
0.9952799082 0.0000291274
0.9910148978 0.0000147527
-0.9837706089 0.0000060215
-1.0036455393 0.0000078913
-1.0071233511 0.0000168060
-1.0003470182 0.0000055399
0.9874982834 0.0000784037
0.9846479893 0.0000269428
-0.9859191179 0.0000109461
0.9233463407 0.0000270022
0.9393005967 0.0000323635
0.9356352687 0.0000117024
-1.0092816353 0.0000030992
-0.9960096478 0.0000092446
0.9436236024 0.0000243442
-0.9944065213 0.0000052211
0.9556847811 0.0000130475
0.9306145906 0.0000251923
0.9282287359 0.0000441902
-0.9885578752 0.0000054886
0.9587948918 0.0000223533
0.9497661591 0.0000261030
-0.9917379618 0.0000105059
0.9475698471 0.0000264749
0.9803277254 0.0000143388
0.9755614996 0.0000144939
0.8382790089 0.0000269694
0.9715999961 0.0000175670
0.9625145197 0.0000204915
0.8466773033 0.0000165875
0.9667171836 0.0000042918
0.8504763246 0.0000348071
0.9196699858 0.0000108816
0.9141610265 0.0000433459
0.8544208407 0.0000441387
0.8583270311 0.0000237892
0.8618959785 0.0000197866
0.8673855066 0.0000167714
0.9111434221 0.0000546970
0.8705875278 0.0000310866
0.8950024247 0.0000290702
0.8992931247 0.0000243915
0.8875735998 0.0000506581
0.8910789490 0.0000544588
0.9027895331 0.0000324798
0.8739625812 0.0000243414
0.8789104819 0.0000172083
0.8830068707 0.0000433276
0.9071174860 0.0000317935
-0.8539178371 0.0000131187
-0.8579261899 0.0000187255
-0.8609180450 0.0000123951
-0.9792323112 0.0000051670
-0.9752364159 0.0000131689
-0.9773092270 0.0000138287
-0.9713726640 0.0000053476
-0.9653971195 0.0000379433
-0.8642540574 0.0000163300
-0.9673820138 0.0000038735
-0.9626606107 0.0000060999
-0.8709884882 0.0000276935
-0.8666378856 0.0000079782
-0.9228078723 0.0000101141
-0.9598815441 0.0000099624
-0.9562152028 0.0000115368
-0.9511587024 0.0000236717
-0.9474081993 0.0000087717
-0.9382386208 0.0000065436
-0.9426814914 0.0000090785
-0.8800730705 0.0000172094
-0.8770395517 0.0000056501
-0.9203325510 0.0000092582
-0.9448810220 0.0000170790
-0.8829004765 0.0000132536
-0.8927530646 0.0000149463
-0.8885029554 0.0000338769
-0.8741878867 0.0000216390
-0.9533733130 0.0000097380
-0.9176301956 0.0000272339
-0.8865385056 0.0000404912
-0.8955522180 0.0000162665
-0.9054105282 0.0000285299
-0.9136601686 0.0000332131
-0.9081648588 0.0000234845
-0.9105103612 0.0000361253
-0.8987525702 0.0000113181
-0.9017372727 0.0000081538
0.8417447209 0.0000242640
-0.8219300508 0.0000185176
-0.8282461166 0.0000066133
-0.8313578367 0.0000270211
-0.8505653143 0.0000275947
-0.8475639820 0.0000165234
-0.8351835012 0.0000203853
-0.8448489904 0.0000213042
-0.8421993256 0.0000136821
-0.8383397460 0.0000365563
0.6911590099 0.0000340093
0.6952654123 0.0000485386
0.6989052296 0.0000463018
0.8133301735 0.0000747849
0.8171249628 0.0000405052
0.8216650486 0.0000350477
0.8299548030 0.0000360465
-0.8188976645 0.0000147062
-0.8250162005 0.0000172837
0.8261880875 0.0000343032
0.7728477716 0.0000479305
0.7769477963 0.0000279116
0.7815598845 0.0000488222
0.7936387062 0.0000342013
0.7898603678 0.0000351852
0.7855937481 0.0000227678
0.7977565527 0.0000452272
0.8099709749 0.0000598674
0.8022997975 0.0000559179
-0.7752751112 0.0000166920
-0.7795835733 0.0000181354
-0.7822474837 0.0000209177
0.8053907156 0.0000774499
-0.7850700617 0.0000119658
-0.7926999331 0.0000255330
-0.7890353203 0.0000127401
-0.7985438704 0.0000294496
-0.7960703373 0.0000220812
-0.8128396869 0.0000283795
-0.8049886227 0.0000163490
-0.8154017925 0.0000223113
-0.8087520599 0.0000379903
0.7067871094 0.0000613404
0.7108158469 0.0000481764
0.7156310678 0.0000775614
0.7191994786 0.0000526638
0.7228490114 0.0000324090
0.7606552243 0.0000205180
0.7562202215 0.0000309840
0.7436914444 0.0000405319
0.7688488364 0.0000598352
0.7485625148 0.0000485317
0.7523638010 0.0000507558
-0.7040927410 0.0000398785
-0.7071973681 0.0000467641
-0.7106415033 0.0000616216
-0.7136257291 0.0000459921
-0.7170803547 0.0000270124
-0.7216560245 0.0000157202
-0.7246296406 0.0000236568
-0.7281391025 0.0000218025
-0.7584971189 0.0000314151
-0.7616993189 0.0000160456
-0.7376489043 0.0000251004
-0.7484496236 0.0000225898
-0.7653137445 0.0000223077
-0.7445175648 0.0000397848
-0.7316873670 0.0000253082
-0.7348413467 0.0000222486
-0.7719756365 0.0000096235
-0.7685410976 0.0000243156
-0.7420132160 0.0000370493
0.7652385235 0.0000324743
0.6319894791 0.0000633594
0.6857094765 0.0000276625
0.6743379235 0.0000476913
0.7028082609 0.0000365174
0.6824215651 0.0000445063
0.6605201960 0.0000435303
0.6659994721 0.0000249768
0.6689453125 0.0000428475
0.6571090221 0.0000696158
0.7394038439 0.0000515192
0.6529704332 0.0000433008
0.6776690483 0.0000380759
0.7276552916 0.0000307326
0.6487021446 0.0000412977
-0.6971970201 0.0000190814
-0.7006372213 0.0000255002
-0.6828973293 0.0000206543
-0.6863165498 0.0000308109
-0.6931010485 0.0000106116
-0.6896412969 0.0000360518
0.7359207869 0.0000538353
-0.7550638914 0.0000391151
-0.7515712976 0.0000313915
0.7316296101 0.0000402314
0.5783668756 0.0001046710
0.5826881528 0.0000917883
0.5868922472 0.0001051770
0.5906936526 0.0000927739
0.6243628263 0.0000671549
0.6283910871 0.0001013276
0.6362249255 0.0000759642
0.6193684936 0.0000462896
0.6155654788 0.0000777087
0.6397670507 0.0000740641
0.5945400596 0.0001248229
-0.5786309242 0.0000793607
0.6069314480 0.0000687015
0.6033764482 0.0000623311
0.5985753536 0.0000660205
0.6109439135 0.0000809687
0.6443198919 0.0000501695
-0.5895732641 0.0000354096
-0.6795636415 0.0000427739
-0.6717320085 0.0000417184
-0.6756509542 0.0000140772
-0.5962802768 0.0000338068
-0.6008245945 0.0000171411
-0.6681842804 0.0000218103
-0.6046438217 0.0000319555
-0.6078590751 0.0000557168
-0.6653762460 0.0000352448
-0.6150813103 0.0001037179
-0.6118231416 0.0000368102
-0.6183962226 0.0000373456
-0.6229294538 0.0000351480
-0.6297379136 0.0000468904
-0.6258193851 0.0000391714
-0.6437774301 0.0000273348
-0.6608629823 0.0000372144
-0.6508471966 0.0000475628
-0.6481932402 0.0000735173
-0.6577193737 0.0000347501
-0.6402740479 0.0000427529
-0.6367922425 0.0000265207
-0.6332721710 0.0000449279
-0.6539524198 0.0000545247
0.5742083788 0.0000611836
0.5698193312 0.0000902737
0.5655943751 0.0001273489
0.5614942312 0.0000778751
-0.5824442506 0.0000386513
-0.5857209563 0.0000485174
-0.5931079984 0.0000458868
0.5576510429 0.0000914285
0.5534950495 0.0000800733
0.5402584076 0.0000992439
0.5482821465 0.0001220827
0.5451406240 0.0000991203
-0.4640100598 0.0001066713
-0.4675360918 0.0000899247
-0.5749298930 0.0000401878
-0.5716347098 0.0000577625
-0.5683498383 0.0000716195
-0.4716481566 0.0000892989
-0.5638952255 0.0000823466
-0.5605879426 0.0000594091
-0.5569658875 0.0000849668
-0.4752656221 0.0001108972
-0.5536305904 0.0000657600
-0.4790724814 0.0001121251
-0.4830862880 0.0000935763
-0.4939695895 0.0000867311
-0.4977978766 0.0001280350
-0.5388185978 0.0000910856
-0.5311250687 0.0000708211
-0.5347820520 0.0000464688
-0.5491704941 0.0000498175
-0.5422534347 0.0001009925
-0.5240613222 0.0001240156
-0.5204919577 0.0000795395
-0.5162400007 0.0000597237
-0.5089657903 0.0000768946
-0.5124890804 0.0000471111
-0.4862696826 0.0001333794
-0.4901705384 0.0000729461
-0.5009111762 0.0001234671
-0.5050543547 0.0000508639
-0.5274425149 0.0001119793
-0.5459676385 0.0000699378
0.5364162922 0.0001390995
0.5324227810 0.0000784333
0.5278016925 0.0000986541
0.5194838047 0.0000728864
0.5241802931 0.0001199474
0.5152201653 0.0001305905
0.4907868803 0.0000895153
0.5032674074 0.0001462213
0.5112878084 0.0001333440
0.4947198629 0.0001281996
0.4992513359 0.0001096884
0.5071414709 0.0000948222
0.4863321781 0.0001108150
0.4821528792 0.0001257161
0.3943504393 0.0001620139
0.3986554146 0.0001933364
0.4026675820 0.0001763366
0.4114357531 0.0002137109
0.4781002104 0.0001304227
0.4065654874 0.0001261181
0.4152033925 0.0002204922
0.4738009274 0.0001066462
0.4192858934 0.0001524948
0.4699244201 0.0001495213
0.4239572585 0.0001353528
0.4532443285 0.0001683615
0.4572973847 0.0001637156
0.4654159546 0.0001581138
0.4489193261 0.0001705120
0.4280863106 0.0001501039
0.4448006153 0.0001145161
0.4361004531 0.0001342026
-0.3913570344 0.0001287378
-0.4070560336 0.0001629628
-0.3954004645 0.0001655157
-0.4028725922 0.0001212353
-0.3988054991 0.0001646074
-0.4104645848 0.0001417794
-0.4146332741 0.0001405430
-0.4260012209 0.0001001806
0.4317191839 0.0001847560
-0.4218387902 0.0001027920
-0.4333917499 0.0000896534
-0.4526226223 0.0001000654
-0.4412266910 0.0001652950
-0.4446381330 0.0000901986
-0.4370716512 0.0001427435
0.4615361691 0.0001269416
0.4397860467 0.0001291093
-0.4179621339 0.0001391713
-0.4561800957 0.0001179445
-0.4487046301 0.0000947625
-0.4600492716 0.0000829104
-0.4294658899 0.0001412076
0.3899372518 0.0002500630
-0.3841876090 0.0001715427
0.3861063719 0.0001997989
0.3692974448 0.0002025235
0.3652755916 0.0002087856
-0.3796792924 0.0001175019
-0.3878350556 0.0001934191
0.3732537925 0.0002267365
0.3819960356 0.0002360100
0.3778105676 0.0002165778
-0.3758542538 0.0001448552
-0.3723203838 0.0001493172
-0.3683526814 0.0001784675
-0.3642532825 0.0002162966
-0.3607011735 0.0002290656
0.3608394861 0.0002279784
-0.3569179177 0.0002615633
-0.3530830741 0.0002543923
0.3570485413 0.0002037379
-0.3294178247 0.0002069789
-0.3256709576 0.0002514313
-0.3217934966 0.0002044273
0.3485181928 0.0003018827
0.3148216009 0.0002536295
0.3192489147 0.0002587370
0.3439612985 0.0002593153
0.3401862383 0.0002813179
0.3063760996 0.0004228073
0.3107000887 0.0002813576
0.3317147791 0.0003477695
0.3276235163 0.0002514102
0.3233529031 0.0002430410
-0.3176294863 0.0003005626
0.3024688959 0.0003040510
0.3359414041 0.0002659141
-0.3330584168 0.0002216712
-0.3100409806 0.0002394087
-0.3139702380 0.0002567136
-0.3062785268 0.0002703157
0.2981087863 0.0003751970
-0.3020994663 0.0002803071
0.2938888371 0.0003822458
-0.2983813286 0.0002359404
-0.2671867013 0.0003976170
-0.2707064152 0.0004296817
0.0741046667 0.0040987930
0.0700055584 0.0047217654
-0.0180470552 0.0217721984
-0.0140259238 0.0256174877
-0.0100198351 0.0311038215
-0.0059696333 0.0400010981
-0.0015965303 0.0890661553
0.0007447017 0.2216531038
0.0048745601 0.0549167842
0.0089267185 0.0377708934
0.0128960386 0.0292879976
-0.0543523319 0.0065031839
0.0250665620 0.0161016136
-0.0220400281 0.0187279265
0.0331722908 0.0126335295
0.0209918376 0.0190846995
0.0454258882 0.0086031249
0.0413134620 0.0101915542
0.0494903848 0.0074916990
-0.0260694213 0.0153821809
-0.0301276222 0.0137605341
0.0372646712 0.0108543094
-0.0381967165 0.0101733170
0.0169532839 0.0232808404
0.0291413050 0.0142576648
-0.0462165624 0.0081948051
-0.0341341570 0.0120786233
-0.0422446653 0.0092904000
0.2897367477 0.0004573261
0.2815645337 0.0004542657
0.2732492983 0.0004652895
0.2774241269 0.0003693377
-0.2941964567 0.0002569914
-0.2901691198 0.0002946068
-0.2628659904 0.0004095343
-0.2864380181 0.0003797304
-0.2745302022 0.0003734619
-0.2824858427 0.0003422166
-0.2786362469 0.0003743051
0.1732674539 0.0009338802
-0.2589371204 0.0004168914
-0.2512525320 0.0004303815
0.1276508272 0.0019688525
0.1235260144 0.0018620010
0.1194685400 0.0021088533
0.1153326482 0.0020857938
-0.2430678159 0.0004343842
-0.2391127348 0.0003674784
-0.2350935489 0.0004874068
-0.2310080379 0.0005225846
0.1112806424 0.0021714631
0.1069893166 0.0023251872
0.1028387547 0.0025695821
0.0987935886 0.0027261230
0.0946682170 0.0032404219
0.0906009376 0.0029403407
0.0863922387 0.0034716809
0.0781959742 0.0038717943
0.0822807327 0.0036569596
-0.1872159392 0.0008291763
-0.1832645833 0.0008388996
-0.1712409556 0.0009865720
-0.1672331691 0.0010621118
-0.1752930731 0.0008737211
0.0658436939 0.0051693148
0.0617708415 0.0054444331
0.0535785668 0.0066899331
-0.1632828265 0.0010259948
-0.1592115462 0.0011229356
-0.0503042862 0.0071084779
-0.1230884343 0.0019048335
-0.1149251014 0.0020669047
-0.1190079525 0.0019574603
-0.1109110788 0.0021053064
-0.0867260322 0.0034187392
-0.0908127725 0.0028954460
-0.0949169844 0.0030391174
-0.0827520192 0.0035530983
-0.0584311038 0.0057258592
-0.0625099987 0.0055150618
-0.0705341026 0.0048823035
-0.0746266991 0.0040294728
-0.0786362439 0.0038963498
0.0576483682 0.0060102823
-0.1271234751 0.0016118545
-0.1069454402 0.0023525700
-0.0988428965 0.0027502535
-0.0665653944 0.0051382128
-0.1028137505 0.0024982239
0.2857609987 0.0004581469
0.2648167014 0.0004099933
0.2693585753 0.0004013977
0.2147990167 0.0006447537
0.1858567446 0.0008402515
0.1816542298 0.0008697675
0.1774047762 0.0009333426
0.1607498229 0.0010791294
0.1649877578 0.0010204507
-0.1952114254 0.0007060138
-0.1913266927 0.0008202683
0.1318207234 0.0016822828
0.2604812980 0.0004515577
0.2398345768 0.0005783636
0.2357858866 0.0005145074
0.2314555198 0.0005776107
0.2232690305 0.0006552591
0.2190618068 0.0005764713
-0.1390581280 0.0012624450
-0.1552006155 0.0012637179
-0.1312006563 0.0015883774
0.1899401546 0.0008125702
0.1690433025 0.0010099229
0.1484198123 0.0012215191
0.1524300128 0.0012485351
0.1567623168 0.0012091685
0.2440521717 0.0006330730
-0.1432559043 0.0013268768
0.2523615062 0.0005300902
0.2479568124 0.0005471120
0.2275224477 0.0006498403
-0.1513280272 0.0012121085
0.2105825245 0.0006474756
-0.1473310888 0.0013531041
-0.1351411492 0.0015473320
0.2024474889 0.0007379000
0.1980448365 0.0008615287
0.1443232298 0.0013346248
0.1359317303 0.0016673035
0.1400738060 0.0014301904
0.1941021234 0.0008346548
0.3524061441 0.0002617008
-0.3411566317 0.0001680463
-0.3371964097 0.0001779284
-0.2272249907 0.0004953702
-0.2470845729 0.0004621109
-0.1991688460 0.0007074519
-0.1793482453 0.0008058221
-0.2550429404 0.0004675660
-0.2151787579 0.0005908805
-0.2192239612 0.0005228829
-0.2231523395 0.0005716056
0.2564328313 0.0004437649
0.2067516148 0.0007202660
-0.3492350876 0.0002757671
-0.3450504541 0.0001887415
-0.2033537030 0.0007108088
-0.2111065239 0.0007022497
-0.2073119134 0.0006653513
