1219.5032958984 0.0000008659
1121.7807617188 0.0000000444
850.8488159180 0.0000013350
819.6977539062 0.0000319933
747.1845092773 0.0000009130
583.1628417969 0.0000000029
444.3695068359 0.0000067391
415.7018737793 0.0000001630
375.3200683594 0.0000000809
341.5201721191 0.0000011872
322.6555175781 0.0000247278
311.2922973633 0.0000006522
295.8479309082 0.0000010382
269.8527832031 0.0000012262
255.4604034424 0.0000005805
229.3446197510 0.0000012045
215.9228363037 0.0000047270
196.9903259277 0.0000070974
184.9417419434 0.0000029814
181.2357482910 0.0000026239
168.1007537842 0.0000008963
161.2459564209 0.0000024577
153.6243743896 0.0000005233
149.1135559082 0.0000016021
143.8656005859 0.0000039475
131.9664306641 0.0000113158
128.4448699951 0.0000118908
120.0556335449 0.0000006102
111.4700698853 0.0000039282
102.3587417603 0.0000097805
99.5484161377 0.0000036267
97.8256607056 0.0000050040
93.0943756104 0.0000000033
91.3825531006 0.0000001006
87.0143585205 0.0000010424
83.6833267212 0.0000016152
80.5407485962 0.0000000295
76.0539245605 0.0000185115
72.0755157471 0.0000005543
69.7585678101 0.0000073482
68.2652511597 0.0000005528
64.9587402344 0.0000037744
63.8554000854 0.0000001079
63.0931358337 0.0000014162
60.2849044800 0.0000023961
59.9615936279 0.0000003043
57.1720046997 0.0000033718
56.5733489990 0.0000008694
52.8352813721 0.0000337861
50.7388763428 0.0000008352
50.6112174988 0.0000047130
49.3773193359 0.0000029605
46.7289733887 0.0000018053
45.3612251282 0.0000014546
44.0508232117 0.0000037796
43.5182037354 0.0000019478
42.1100425720 0.0000105589
40.9873809814 0.0000030868
39.9970970154 0.0000013149
39.5786972046 0.0000000981
38.0732154846 0.0000023608
36.8480148315 0.0000038707
37.3491668701 0.0000000000
36.0045471191 0.0000007564
34.6880760193 0.0000040660
34.4704704285 0.0000004069
33.9100570679 0.0000000042
33.0164489746 0.0000050748
32.5423278809 0.0000034446
32.1141166687 0.0000001653
31.0297794342 0.0000000866
30.3728618622 0.0000183276
29.2156314850 0.0000036538
28.6507930756 0.0000004542
28.0483322144 0.0000166652
27.7526512146 0.0000147565
26.8485851288 0.0000026150
26.5743656158 0.0000127223
26.1561412811 0.0000004793
25.6836605072 0.0000012848
25.3410549164 0.0000012724
24.6126976013 0.0000005862
24.5461635590 0.0000029969
24.2131843567 0.0000003055
23.7698421478 0.0000171699
23.6972293854 0.0000006171
23.0229454041 0.0000000370
22.6352081299 0.0000008001
22.4625530243 0.0000077460
22.2641220093 0.0000020947
21.4530277252 0.0000070684
21.5691413879 0.0000000030
20.7372303009 0.0000011631
20.4827346802 0.0000014518
20.3079166412 0.0000013226
19.9682254791 0.0000005175
19.8935585022 0.0000025636
19.4595317841 0.0000036549
18.9318027496 0.0000161935
18.4419860840 0.0000105349
18.6324787140 0.0000000034
17.8417892456 0.0000008303
17.5727157593 0.0000187320
17.4113597870 0.0000015258
17.2142543793 0.0000003623
17.1216926575 0.0000001096
16.8114891052 0.0000004887
16.7155323029 0.0000011026
16.3295211792 0.0000048667
16.0013389587 0.0000008037
15.8528947830 0.0000006558
15.7087745667 0.0000013605
15.4181165695 0.0000006409
15.3628082275 0.0000063925
15.2421016693 0.0000014460
15.0706596375 0.0000006005
14.8499431610 0.0000084184
14.6872682571 0.0000044194
14.5700912476 0.0000314571
14.3995084763 0.0000012675
14.2532129288 0.0000000003
13.8574619293 0.0000023523
13.7649364471 0.0000036569
13.6165208817 0.0000127179
13.4523983002 0.0000003039
13.3963451385 0.0000008746
13.2103395462 0.0000001664
13.1354331970 0.0000014113
12.9909534454 0.0000009148
12.8955698013 0.0000032620
12.7350816727 0.0000005133
-8.9572944641 0.0000016267
12.5457534790 0.0000069341
12.6436748505 0.0000000344
12.2691164017 0.0000254981
12.2945613861 0.0000005351
-8.4933567047 0.0000089258
12.1206636429 0.0000087865
11.9049930573 0.0000035647
11.7511739731 0.0000076442
11.4762115479 0.0000012483
11.5741939545 0.0000000000
11.3658361435 0.0000001000
11.3402605057 0.0000001033
11.2062854767 0.0000014383
11.1267337799 0.0000029847
10.9778108597 0.0000011878
10.8917551041 0.0000026979
10.7601928711 0.0000091250
-7.5177254677 0.0000017121
10.6823453903 0.0000065805
10.4308996201 0.0000081643
10.5079336166 0.0000000120
-7.2938213348 0.0000023843
10.4573087692 0.0000000010
10.2838125229 0.0000030307
10.1775121689 0.0000026173
10.2375202179 0.0000010180
-6.9191293716 0.0000028661
10.1127471924 0.0000004692
10.0623073578 0.0000019186
9.9289455414 0.0000000921
9.7983655930 0.0000000459
9.7571773529 0.0000120684
9.7239990234 0.0000035907
9.7087869644 0.0000002247
9.5902633667 0.0000103238
9.5020456314 0.0000003283
9.3847665787 0.0000035061
-6.2375864983 0.0000001122
9.3041334152 0.0000005000
9.2603416443 0.0000129493
9.1628961563 0.0000167599
-6.0322456360 0.0000042763
9.0171518326 0.0000038326
9.1049842834 0.0000010861
9.0989427567 0.0000000684
-5.8908200264 0.0000105647
-5.8859801292 0.0000006868
8.8724679947 0.0000059329
8.8600282669 0.0000109709
8.7906856537 0.0000048199
8.7494859695 0.0000011815
-5.6939306259 0.0000004244
8.6804828644 0.0000013235
8.6375341415 0.0000162821
8.5608091354 0.0000008078
8.4971761703 0.0000003941
8.4164667130 0.0000013377
8.3571071625 0.0000063440
8.1220769882 0.0000011748
8.1518993378 0.0000010756
8.2285671234 0.0000000892
8.2945146561 0.0000052282
8.2732210159 0.0000004042
8.0208530426 0.0000022969
7.9985985756 0.0000031417
7.9366369247 0.0000032514
7.8681998253 0.0000038752
7.8377237320 0.0000030021
7.8077268600 0.0000038055
7.7716670036 0.0000138575
7.7351908684 0.0000016449
7.6832647324 0.0000007770
7.1152720451 0.0000152379
7.6273479462 0.0000174241
7.5360846519 0.0000034335
7.6032814980 0.0000002362
7.1671833992 0.0000019161
7.4431319237 0.0000082923
7.3138060570 0.0000026711
7.2279477119 0.0000002386
7.2644147873 0.0000000952
7.4899396896 0.0000007964
7.4629497528 0.0000003334
7.3791761398 0.0000002238
7.3456435204 0.0000000693
-5.5141758919 0.0000000502
-5.4122443199 0.0000069072
-5.3495550156 0.0000055509
-5.3136973381 0.0000029664
-5.2497563362 0.0000100405
-5.1052560806 0.0000026585
-5.0322227478 0.0000040396
-4.9199523926 0.0000012771
-4.8907542229 0.0000144266
-4.7699780464 0.0000000847
-4.7171607018 0.0000017046
-4.5662870407 0.0000009364
-4.5288591385 0.0000028300
-4.5091142654 0.0000041251
-4.4221982956 0.0000052628
-4.4081888199 0.0000005354
-4.3317189217 0.0000037156
-4.3459038734 0.0000004091
7.0691094398 0.0000042103
7.0063223839 0.0000001936
6.9995718002 0.0000001752
-4.2481870651 0.0000064823
6.9540977478 0.0000015865
6.9302725792 0.0000003686
6.8846287727 0.0000036264
-4.2433967590 0.0000003491
6.7525343895 0.0000102605
6.7867360115 0.0000019488
6.8473362923 0.0000008134
6.8360061646 0.0000003613
6.6719789505 0.0000149678
6.5061292648 0.0000145047
6.6272439957 0.0000009364
6.6005697250 0.0000058682
6.5970001221 0.0000061198
6.5663776398 0.0000001454
6.4664511681 0.0000013182
6.4456720352 0.0000003690
6.4340333939 0.0000005966
6.3906569481 0.0000044007
6.3692412376 0.0000017572
6.3157091141 0.0000001964
6.2470269203 0.0000031596
6.2738585472 0.0000002277
6.2638406754 0.0000001935
6.1942844391 0.0000000148
6.1548614502 0.0000031579
6.1166014671 0.0000050992
6.1087779999 0.0000009075
6.0338115692 0.0000084127
6.0444626808 0.0000027183
6.0628261566 0.0000000438
5.9892377853 0.0000031613
5.9549846649 0.0000196860
5.9304499626 0.0000099791
5.8975934982 0.0000185416
5.8736066818 0.0000042154
5.3938212395 0.0000048666
5.3643846512 0.0000009468
5.3706288338 0.0000054550
5.8196187019 0.0000118891
5.4425301552 0.0000057564
5.7559742928 0.0000054233
5.7708611488 0.0000135800
5.6182103157 0.0000073323
5.7998700142 0.0000008104
5.5114102364 0.0000073050
5.7062826157 0.0000011427
5.6800265312 0.0000144031
5.4640169144 0.0000010369
5.4698529243 0.0000040365
5.6879291534 0.0000006736
5.8092112541 0.0000000011
5.5843348503 0.0000008527
5.5612711906 0.0000009816
5.5477933884 0.0000005109
5.5634746552 0.0000001194
-4.1518602371 0.0000135229
-4.1460075378 0.0000004449
-4.0748801231 0.0000029534
-4.0084013939 0.0000000081
-4.0016946793 0.0000001870
-3.9932465553 0.0000020968
-3.9673414230 0.0000066258
-3.9019463062 0.0000063179
-3.8808691502 0.0000033758
-3.8374700546 0.0000087499
-3.8095951080 0.0000009823
-3.7606856823 0.0000006478
-3.7481617928 0.0000010583
-3.6948232651 0.0000194271
-3.7279908657 0.0000018611
-3.7343010902 0.0000024049
-3.6503560543 0.0000085497
5.3091630936 0.0000082352
5.3448214531 0.0000014440
5.2689805031 0.0000035974
5.3366470337 0.0000000302
5.2429738045 0.0000073396
5.2141423225 0.0000110991
5.2085337639 0.0000024267
5.1811461449 0.0000008441
5.1248307228 0.0000007862
5.1610994339 0.0000000728
5.1339278221 0.0000000035
5.0708956718 0.0000037851
5.0546078682 0.0000015654
5.0425200462 0.0000000004
4.4915528297 0.0000114179
4.5138549805 0.0000165005
5.0024867058 0.0000009626
4.9946351051 0.0000004647
4.9830551147 0.0000108439
4.5459074974 0.0000026797
4.9340009689 0.0000053486
4.8926839828 0.0000135037
4.8707971573 0.0000025740
4.8527579308 0.0000035203
4.5539631844 0.0000063274
4.9563322067 0.0000009742
4.8252825737 0.0000190875
4.8097157478 0.0000144408
4.5734491348 0.0000411084
4.7881808281 0.0000055685
4.7065734863 0.0000020896
4.7294759750 0.0000005775
4.9517326355 0.0000000009
4.7575163841 0.0000230105
4.6002230644 0.0000004833
4.5846662521 0.0000002801
4.6269965172 0.0000162445
4.7735562325 0.0000011510
4.7478890419 0.0000008547
4.6736617088 0.0000000008
4.6513853073 0.0000000768
4.6344070435 0.0000031535
4.6386818886 0.0000013688
-3.6257503033 0.0000012871
-3.5991494656 0.0000133842
-3.5743689537 0.0000013482
-3.5597803593 0.0000000096
-3.5276315212 0.0000130216
-3.5047900677 0.0000011051
-3.4758870602 0.0000175706
-3.4698848724 0.0000000001
-3.4375157356 0.0000104872
-3.4177150726 0.0000093164
-3.3977878094 0.0000035888
-3.3859357834 0.0000043728
-3.3694820404 0.0000004123
-3.3437848091 0.0000089146
-3.3277297020 0.0000063238
4.4646072388 0.0000038350
4.4458022118 0.0000008330
4.4848732948 0.0000001552
4.4245591164 0.0000021671
4.4155936241 0.0000064987
4.0136961937 0.0000007641
4.0225491524 0.0000033624
4.0277638435 0.0000070931
4.0398745537 0.0000085566
4.3836612701 0.0000021854
4.3760933876 0.0000017736
4.3448014259 0.0000075129
4.0764570236 0.0000094449
4.0625138283 0.0000001066
4.3965673447 0.0000065337
4.3086409569 0.0000051129
4.2653927803 0.0000048111
4.3359136581 0.0000002491
4.0920290947 0.0000049792
4.1008129120 0.0000024559
4.2918343544 0.0000026052
4.2428178787 0.0000089485
4.2073159218 0.0000004977
4.1927504539 0.0000049463
4.2858424187 0.0000008599
4.0457081795 0.0000000048
4.1768512726 0.0000277655
4.1709780693 0.0000020156
4.2274250984 0.0000000740
4.1229190826 0.0000078168
4.1514077187 0.0000006705
4.1269664764 0.0000012536
4.1466579437 0.0000000286
-3.2992901802 0.0000008156
-3.2795422077 0.0000034643
-3.2733597755 0.0000001732
-3.2405483723 0.0000050975
-3.2240209579 0.0000020001
-3.1577010155 0.0000075330
-3.2068192959 0.0000010659
-3.1806588173 0.0000069373
-3.1930778027 0.0000012731
-3.1317052841 0.0000041331
-3.1493439674 0.0000001488
-3.0886058807 0.0000011361
-3.1027145386 0.0000002235
-3.1098165512 0.0000000629
3.6760907173 0.0000002517
3.6920063496 0.0000053294
3.7053620815 0.0000041475
3.7131664753 0.0000062979
3.7249422073 0.0000052364
3.7363655567 0.0000181234
3.7498669624 0.0000018132
3.7862396240 0.0000240899
3.7946891785 0.0000017284
3.8578586578 0.0000151942
3.8418943882 0.0000082149
3.8235754967 0.0000032869
3.9754559994 0.0000004085
3.9690093994 0.0000001233
3.7683172226 0.0000006636
3.9441182613 0.0000010197
3.8985960484 0.0000069591
3.7761378288 0.0000101385
3.7749962807 0.0000008386
3.9286782742 0.0000074523
3.8310863972 0.0000000206
3.9087820053 0.0000050933
3.9180102348 0.0000003909
3.9344727993 0.0000000440
3.9052963257 0.0000008809
-3.0640938282 0.0000043776
-3.0484714508 0.0000002741
-3.0300667286 0.0000068533
-2.9520134926 0.0000016939
-2.9616835117 0.0000025491
-3.0149857998 0.0000029744
-2.9993481636 0.0000133480
-2.9712283611 0.0000016210
-2.9827740192 0.0000000660
-3.0202410221 0.0000000196
3.4340920448 0.0000074863
3.4609651566 0.0000001335
3.4837679863 0.0000127782
3.4835076332 0.0000031397
3.4987053871 0.0000012865
3.5071852207 0.0000033708
3.5142934322 0.0000018668
3.5228469372 0.0000026650
3.5689373016 0.0000271416
3.5767121315 0.0000016930
3.5883152485 0.0000341749
3.5353817940 0.0000051511
3.5411183834 0.0000007341
3.6088593006 0.0000122531
3.6317558289 0.0000061546
3.5513055325 0.0000000860
3.6017570496 0.0000000207
3.6545007229 0.0000000181
3.6494107246 0.0000000041
3.6703925133 0.0000001118
-2.9172537327 0.0000148218
-2.9293317795 0.0000021591
-2.8558330536 0.0000073785
-2.8683936596 0.0000002156
-2.8868508339 0.0000029039
-2.9307162762 0.0000000469
-2.8994672298 0.0000015869
-2.9052410126 0.0000000696
3.2898750305 0.0000059356
3.3256161213 0.0000051076
3.3323018551 0.0000020048
3.3438305855 0.0000232965
3.3610405922 0.0000085890
3.3697133064 0.0000044680
3.3747684956 0.0000027444
3.3824808598 0.0000054682
3.3912096024 0.0000008256
3.3858718872 0.0000029103
3.4239337444 0.0000028036
3.4121723175 0.0000025148
3.4466700554 0.0000005614
3.4168376923 0.0000000236
3.4103207588 0.0000081120
-2.8377022743 0.0000000949
-2.8187050819 0.0000041378
-2.8251140118 0.0000004105
-2.7757880688 0.0000000288
-2.7852036953 0.0000009892
-2.7976891994 0.0000051059
-2.7921595573 0.0000057509
3.1900961399 0.0000010086
3.1982259750 0.0000003351
3.2096562386 0.0000075123
3.2140486240 0.0000008815
3.2222437859 0.0000009066
3.2326343060 0.0000105326
3.2293183804 0.0000003968
3.2479512691 0.0000033222
3.2516636848 0.0000040903
3.2613172531 0.0000000921
3.2735226154 0.0000039245
3.3101615906 0.0000000145
3.3177676201 0.0000000718
-2.6841225624 0.0000044599
-2.6903080940 0.0000009935
-2.7074334621 0.0000118503
-2.7128486633 0.0000011151
-2.7592318058 0.0000003513
-2.7394871712 0.0000004183
-2.7502863407 0.0000001778
3.0885312557 0.0000030446
3.0929353237 0.0000052452
3.1148071289 0.0000016423
3.1178181171 0.0000027439
3.1383674145 0.0000112934
3.1439208984 0.0000015137
3.1488928795 0.0000212976
3.1550462246 0.0000143008
3.1662888527 0.0000102390
3.1817355156 0.0000000078
-2.6221857071 0.0000075634
-2.6776173115 0.0000128209
-2.6623892784 0.0000003949
-2.6404585838 0.0000025778
-2.6423017979 0.0000061866
-2.6491339207 0.0000007195
-2.7343220711 0.0000000022
-2.6673808098 0.0000000046
2.9639525414 0.0000009326
3.0158162117 0.0000009640
3.0213398933 0.0000034698
3.0396223068 0.0000026006
3.0449156761 0.0000205911
3.0560133457 0.0000032245
3.0669772625 0.0000007542
3.0768182278 0.0000004699
-2.6009614468 0.0000101759
-2.6192443371 0.0000002811
-2.5944178104 0.0000026351
-2.5609190464 0.0000139623
-2.5522644520 0.0000128742
-2.5535473824 0.0000001959
-2.5853524208 0.0000019094
-2.5730900764 0.0000018978
-2.5785570145 0.0000003360
2.9354000092 0.0000096723
2.9502878189 0.0000017169
2.9767148495 0.0000005911
2.9921407700 0.0000008073
2.9982404709 0.0000008570
-2.5354721546 0.0000137860
-2.4961574078 0.0000092706
-2.5211231709 0.0000001549
-2.5300149918 0.0000000551
-2.4728307724 0.0000076313
-2.5063364506 0.0000000775
-2.5097784996 0.0000000499
-2.4840054512 0.0000059012
-2.4847457409 0.0000031822
2.8369698524 0.0000029111
2.8482470512 0.0000046490
2.8596212864 0.0000057910
2.8728227615 0.0000048694
2.8847153187 0.0000014240
2.9268152714 0.0000060925
2.9082090855 0.0000130005
2.9155752659 0.0000028349
2.8957097530 0.0000033302
-2.4702267647 0.0000022283
-2.4508106709 0.0000003146
-2.4459779263 0.0000011359
-2.4389352798 0.0000017198
-2.4313104153 0.0000051867
-2.3878638744 0.0000050867
-2.3979365826 0.0000005288
-2.4072296619 0.0000017113
-2.4127264023 0.0000000589
-2.4256143570 0.0000021297
-2.4240982533 0.0000005334
2.6067311764 0.0000136079
2.6151604652 0.0000062441
2.6265633106 0.0000174215
2.6444580555 0.0000015772
2.6561310291 0.0000111380
2.6646730900 0.0000073507
2.6813952923 0.0000031073
2.7091104984 0.0000016816
2.7332243919 0.0000218353
2.7463951111 0.0000029238
2.6936237812 0.0000240131
2.7255914211 0.0000018584
2.8065443039 0.0000033754
2.7530429363 0.0000029723
2.7978525162 0.0000046792
2.7785420418 0.0000006740
2.7876284122 0.0000221347
2.8249261379 0.0000009002
-2.3658819199 0.0000004506
-2.3738586903 0.0000010377
-2.3742797375 0.0000000209
-2.2527353764 0.0000112389
-2.3441228867 0.0000026060
-2.3545260429 0.0000001028
-2.2868258953 0.0000106553
-2.2985603809 0.0000065635
-2.3353674412 0.0000007581
-2.3252961636 0.0000081584
-2.2829322815 0.0000022936
-2.3323276043 0.0000023364
-2.3092434406 0.0000012227
-2.3141548634 0.0000027752
-2.3198204041 0.0000004859
2.3355078697 0.0000178014
2.3477261066 0.0000229006
2.3608882427 0.0000273546
2.3728725910 0.0000134790
2.5901417732 0.0000038003
2.4138426781 0.0000092611
2.4042959213 0.0000065469
2.4337730408 0.0000109772
2.5409207344 0.0000132792
2.5218894482 0.0000015024
2.5129938126 0.0000127579
2.5731444359 0.0000158633
2.4687759876 0.0000061481
2.4794282913 0.0000065610
2.4950942993 0.0000035830
2.3893673420 0.0000036944
2.5551910400 0.0000065778
2.5667881966 0.0000136115
2.4451584816 0.0000172705
2.4553604126 0.0000086457
-2.0201528072 0.0000062598
2.1364536285 0.0000121307
2.1473183632 0.0000076729
2.3056097031 0.0000237587
2.3239405155 0.0000310178
2.1626462936 0.0000063207
2.2893271446 0.0000111736
-2.0749680996 0.0000001347
-2.2802562714 0.0000000939
2.2736542225 0.0000187510
2.2636871338 0.0000461598
2.1801559925 0.0000077031
-2.1005575657 0.0000078935
-2.2720229626 0.0000062333
-2.2424936295 0.0000188453
-2.2485015392 0.0000009111
-2.1070473194 0.0000001593
-2.2696688175 0.0000003497
-2.1128857136 0.0000021878
-2.1207599640 0.0000019312
2.1924777031 0.0000085684
2.2496867180 0.0000253420
2.2333781719 0.0000044543
-2.1291170120 0.0000045848
-2.1305756569 0.0000100212
-2.2358262539 0.0000008325
-2.2225213051 0.0000001895
-2.2159049511 0.0000020751
-2.2099554539 0.0000005811
-2.1348834038 0.0000114103
2.2221913338 0.0000132810
-2.2012076378 0.0000045619
-2.1660459042 0.0000092675
-2.1521682739 0.0000005599
-2.1566271782 0.0000112065
-2.1574261189 0.0000007426
2.2044432163 0.0000094089
-2.2288761139 0.0000000004
-2.1927196980 0.0000113608
-2.1945219040 0.0000002676
-2.1763050556 0.0000002063
2.0815544128 0.0000161970
2.0907227993 0.0000381806
2.1212298870 0.0000176384
2.1049206257 0.0000199982
-2.0288364887 0.0000134448
-2.0309650898 0.0000051304
-2.0466034412 0.0000006370
-2.0375070572 0.0000042725
-2.0682969093 0.0000006530
-2.0610260963 0.0000006532
-2.0564670563 0.0000001182
-2.0802822113 0.0000000012
-2.0983924866 0.0000000321
1.9600402117 0.0000165839
1.9736558199 0.0000156916
2.0651268959 0.0000023403
2.0481491089 0.0000155728
2.0346453190 0.0000227130
2.0044836998 0.0000066826
2.0212841034 0.0000259633
-1.9118263721 0.0000173545
-1.9232287407 0.0000039148
-1.9287796021 0.0000035044
-1.9377663136 0.0000004267
-1.9486382008 0.0000034345
-1.9546669722 0.0000013905
-1.9674105644 0.0000017312
-1.9744486809 0.0000063873
-1.9913060665 0.0000005941
-1.9833674431 0.0000008290
-2.0035402775 0.0000003154
-2.0083627701 0.0000002952
1.9486646652 0.0000233195
1.9892973900 0.0000075102
1.9289360046 0.0000350451
1.9190924168 0.0000315415
1.9027838707 0.0000317720
1.8863102198 0.0000098853
1.8699808121 0.0000248598
1.6853088140 0.0000391142
1.6954861879 0.0000338285
1.7138860226 0.0000245096
1.7270781994 0.0000349178
1.7696647644 0.0000150602
1.7553880215 0.0000345941
1.7851594687 0.0000270104
1.8563289642 0.0000450986
1.7386112213 0.0000259107
1.8139809370 0.0000229827
-1.9001429081 0.0000017783
-1.8899003267 0.0000015925
-1.8823546171 0.0000034263
1.8439664841 0.0000333929
1.8014264107 0.0000178264
-1.6986048222 0.0000143580
-1.8717937469 0.0000046155
-1.8485305309 0.0000022640
-1.8567868471 0.0000175801
-1.8622472286 0.0000101222
-1.8397979736 0.0000131960
-1.7061141729 0.0000106565
-1.7246249914 0.0000048891
-1.7357517481 0.0000072346
-1.7554012537 0.0000268502
1.8291991949 0.0000253640
-1.7687158585 0.0000062349
-1.7890182734 0.0000234691
-1.8289386034 0.0000015000
-1.7163078785 0.0000084491
-1.7762159109 0.0000066228
-1.8171795607 0.0000010427
-1.7979389429 0.0000074548
1.3799797297 0.0000550573
1.6666849852 0.0000239199
1.4096963406 0.0000673122
1.6513723135 0.0000150864
1.4250531197 0.0000415739
1.4388396740 0.0000358487
1.6384687424 0.0000140117
1.6191585064 0.0000186713
1.4690477848 0.0000498013
1.4548664093 0.0000268175
1.6051971912 0.0000306192
1.4832292795 0.0000321772
1.4990108013 0.0000693308
1.5151051283 0.0000285548
1.5764507055 0.0000309421
1.5886150599 0.0000296872
1.5318726301 0.0000177678
1.5614097118 0.0000304743
1.5442878008 0.0000514350
-1.2894780636 0.0000113403
-1.8023033142 0.0000016682
-1.7465095520 0.0000208361
-1.6909759045 0.0000060992
-1.3372706175 0.0000355857
-1.6777286530 0.0000009217
-1.3487193584 0.0000205457
-1.3603773117 0.0000065248
-1.6475170851 0.0000095390
-1.3864010572 0.0000420674
-1.3750326633 0.0000054453
-1.3986549377 0.0000258862
-1.6660457850 0.0000005899
-1.6431823969 0.0000100240
-1.6289894581 0.0000032092
-1.6074337959 0.0000037764
-1.6209653616 0.0000119552
-1.5856856108 0.0000154402
-1.4081982374 0.0000463753
-1.5792093277 0.0000148289
-1.5953161716 0.0000064153
-1.4544829130 0.0000084700
-1.4421668053 0.0000258379
-1.5119649172 0.0000148188
-1.4999979734 0.0000302800
-1.5367337465 0.0000108547
-1.4675810337 0.0000053255
-1.4186174870 0.0000231394
-1.4306240082 0.0000117511
-1.4773414135 0.0000120233
-1.5474361181 0.0000251581
-1.5225251913 0.0000018049
-1.4900634289 0.0000061206
-1.5636589527 0.0000566492
-1.5536125898 0.0000359480
1.2727003098 0.0000447496
1.3629181385 0.0000332900
1.3925013542 0.0000606936
1.3507130146 0.0000583501
1.2910571098 0.0000335310
1.3183777332 0.0000660030
1.3043464422 0.0000872722
1.3324397802 0.0000516042
-1.2685698271 0.0000345777
-1.2794032097 0.0000302177
-1.3273477554 0.0000230395
-1.3027126789 0.0000238891
-1.3138959408 0.0000181672
1.2570996284 0.0000325572
1.2402399778 0.0000423629
1.2259396315 0.0000992006
1.2116671801 0.0000898825
1.1981377602 0.0000799068
1.1823152304 0.0000727104
1.0901885033 0.0000631028
1.1053189039 0.0000586447
1.0740671158 0.0000800651
1.1662248373 0.0000748270
1.1201103926 0.0000987446
1.1377809048 0.0000914353
-1.2431125641 0.0000224572
-1.2527879477 0.0000177674
-1.2286331654 0.0000218790
1.1500167847 0.0000689654
-1.0678511858 0.0000311260
-1.0789314508 0.0000430197
-1.2218905687 0.0000549712
-1.0918427706 0.0000335227
-1.1415627003 0.0000293531
-1.1303428411 0.0000481090
-1.1536633968 0.0000359843
-1.1054296494 0.0000465075
-1.1652691364 0.0000283081
-1.1170374155 0.0000416162
-1.1915605068 0.0000146065
-1.1777009964 0.0000106303
-1.2046107054 0.0000185271
1.0609579086 0.0001134623
1.0434004068 0.0000670180
1.0296415091 0.0001175386
0.9995329976 0.0000947928
1.0146002769 0.0001262284
0.9676426053 0.0000546119
0.9856709838 0.0001340814
0.9516890049 0.0000871321
-1.0523948669 0.0000631698
-1.0421323776 0.0000366394
-1.0283483267 0.0000304095
-0.6827015877 0.0001161300
-0.6968200803 0.0000907108
-0.7097960114 0.0001834931
-1.0148919821 0.0000315281
-1.0027054548 0.0000338200
-0.9497787952 0.0000620726
-0.9759227037 0.0000431394
-0.9632887840 0.0000620008
-0.9218878150 0.0000558034
-0.9892916679 0.0000376231
-0.0593156368 0.0204877853
-0.0734696537 0.0154358372
-0.0448915437 0.0298973545
0.1066589355 0.0083822934
0.0921860188 0.0109670078
-0.0022241818 0.2920338511
0.0058484175 0.1882850379
-0.0168208275 0.0788946003
0.0200500078 0.0695455819
0.0775352567 0.0140088759
-0.0307562780 0.0464586169
0.0342590436 0.0421469584
0.2548534274 0.0017401779
-0.0879230276 0.0115532475
0.1214432418 0.0070866961
-0.1022302657 0.0091601433
0.0484252721 0.0275000539
0.0629887581 0.0190016162
0.2404900640 0.0020492633
0.2254446745 0.0022131517
0.1359184682 0.0056601013
-0.1167622805 0.0071548005
-0.2175621837 0.0020839104
-0.1889685392 0.0029026319
-0.1743856966 0.0032815388
0.1954712719 0.0029210472
0.1509211808 0.0044508884
0.1656892747 0.0036959159
0.2102452964 0.0024193064
0.1805942506 0.0031467197
-0.1311808676 0.0056933560
-0.1600386947 0.0040293271
-0.1458772719 0.0046687727
-0.9363284111 0.0000473538
0.9372591376 0.0000946507
0.9079263210 0.0001449898
0.9227250218 0.0001022838
-0.9103618264 0.0001177094
0.8912647963 0.0001577498
-0.8971464038 0.0000620651
-0.8713162541 0.0000716106
-0.8854455948 0.0001015388
0.8770793080 0.0001017769
0.8466194868 0.0001023137
-0.7777991295 0.0000693304
-0.7234266996 0.0000896225
-0.7631150484 0.0000919639
-0.7376308441 0.0001125981
0.7701537609 0.0001615792
0.6943687797 0.0001524972
0.7091574073 0.0001933547
-0.6682337523 0.0001218554
0.6776815653 0.0001534366
0.2703026831 0.0015053372
0.7533827424 0.0001444725
0.6613468528 0.0001656140
0.7226969004 0.0001591772
-0.6539350748 0.0001892759
0.6464164257 0.0001861136
0.7386777997 0.0001738255
-0.2034917325 0.0025016495
-0.2319578975 0.0017793009
-0.2469125837 0.0015782015
-0.6416936517 0.0001484439
-0.5435558558 0.0002954651
0.5108791590 0.0004363522
0.5263547301 0.0003650872
0.5869062543 0.0003687017
0.6010890007 0.0002779293
0.6317687035 0.0002877481
0.5413906574 0.0003937337
0.5712369084 0.0003246116
-0.6137946248 0.0002191666
-0.5715819597 0.0002328193
0.4654369354 0.0005162240
0.4962972403 0.0004168705
-0.6277340055 0.0001580394
-0.5851951838 0.0001805269
-0.5994933248 0.0001228784
0.6162792444 0.0002445260
-0.2609305680 0.0015104925
0.4509071708 0.0005476555
0.4805270731 0.0004394571
0.5566382408 0.0003317058
0.8015453815 0.0001995608
-0.7503847480 0.0001235479
-0.5582145452 0.0002696342
-0.5292173624 0.0003253744
0.2852059603 0.0015738418
0.3302634060 0.0010198151
0.3449928761 0.0009819056
0.2998172939 0.0012892971
0.3144257963 0.0009984116
-0.4455811083 0.0004132115
-0.4600320458 0.0003720001
-0.5170128345 0.0002600786
-0.4745425582 0.0003746324
0.3751213551 0.0007776544
0.3897397220 0.0007572844
0.4051393270 0.0006189510
-0.3322848976 0.0007763717
-0.3476735651 0.0007987930
-0.5012915134 0.0003563875
-0.4878868759 0.0003730347
-0.3607060313 0.0008329910
0.4346634150 0.0005472206
0.4194729328 0.0006025894
-0.2749930322 0.0013976453
-0.3181101978 0.0009233463
-0.3040194213 0.0009535802
0.3598710001 0.0008028545
0.8605003953 0.0000976145
0.8308292627 0.0001457127
0.8143398166 0.0002012610
0.7854555249 0.0001279079
-0.8571856022 0.0000656291
-0.8318659067 0.0000808377
-0.8442565203 0.0000886911
-0.2889764309 0.0011480288
-0.4322721958 0.0004464281
-0.4174112380 0.0004871397
-0.4036748707 0.0005328595
-0.3896129727 0.0006064076
-0.3749511242 0.0005560862
-0.7922572494 0.0000811184
-0.8044446707 0.0001164371
-0.8170350194 0.0000874447
