657.7518920898 0.0001115022
330.1380615234 0.0005242375
199.7814178467 0.0010063433
162.9826354980 0.0003396427
42.9257621765 0.0005276162
34.4670753479 0.0000044540
29.2752933502 0.0002573492
28.0510330200 0.0002244110
19.6929302216 0.0000302563
18.4111270905 0.0006264630
15.8771095276 0.0001944095
14.1011667252 0.0005099581
13.4975671768 0.0009542659
12.6184263229 0.0007752568
11.3925762177 0.0000992198
11.2178115845 0.0000215850
9.9960594177 0.0000171687
8.9037952423 0.0015578787
9.1130514145 0.0000111141
7.8446612358 0.0003036998
7.6600613594 0.0003862380
7.4253921509 0.0002756924
6.7629847527 0.0009027961
6.6308541298 0.0000183678
6.1561021805 0.0000303916
6.1026754379 0.0001333029
5.8520231247 0.0000000393
5.2415518761 0.0010472628
5.2877545357 0.0000020083
5.1337656975 0.0000000719
4.8738584518 0.0003464960
4.6578826904 0.0001662033
4.3117885590 0.0000327372
4.2518210411 0.0001953710
4.1177258492 0.0000334623
4.0083813667 0.0000386212
3.8993136883 0.0004797757
-2.4403963089 0.0004803514
-2.3375566006 0.0001915015
3.7180020809 0.0015300742
3.6555118561 0.0000088131
3.5097093582 0.0001054033
-2.1175270081 0.0000005334
3.3436110020 0.0004392955
3.3006443977 0.0001622477
3.2339866161 0.0004206165
-1.8420807123 0.0009032546
-1.8778264523 0.0000000730
3.1469659805 0.0003832488
2.6415817738 0.0010070631
2.7623331547 0.0001660899
2.8620634079 0.0004064636
3.0692584515 0.0002566919
3.0034606457 0.0008166087
-1.7755576372 0.0003315079
-1.7202299833 0.0005108727
-1.7416836023 0.0000016499
2.4053394794 0.0016287741
2.4490194321 0.0014890279
-1.6725182533 0.0005436249
2.2156918049 0.0010833293
2.1657450199 0.0013760749
-1.6359747648 0.0008428863
-1.5502890348 0.0004486248
1.9146323204 0.0021761749
1.7904869318 0.0013450957
-1.4704575539 0.0002322826
1.6518307924 0.0008960161
1.5045684576 0.0028553805
-1.4343589544 0.0005319934
-1.3694242239 0.0003841679
-1.2401472330 0.0013923625
-1.0936938524 0.0011476342
-1.1565077305 0.0011758876
-0.8925452232 0.0032711036
-0.8240516782 0.0038675845
1.2610269785 0.0013602590
1.1351567507 0.0027009356
-1.2938903570 0.0004017694
-0.7148739100 0.0092087565
-0.6272518635 0.0137877474
1.4157444239 0.0021313035
0.9966811538 0.0061451923
-0.3265016675 0.0308144689
-0.1111047119 0.1177378818
-0.0158712771 0.3278340399
0.3979338706 0.0258394703
0.2802878916 0.0389311723
0.8586068153 0.0073636244
-0.2116887569 0.0549416579
-0.4199998677 0.0163486246
0.5058134198 0.0139844436
0.0596831255 0.1919977367
-0.5317160487 0.0074283322
0.7649933696 0.0098763229
0.6340551972 0.0123954294
0.1656177193 0.0599332713
2.0421054363 0.0004080126
-1.6133342981 0.0000653331
-0.9941158891 0.0013480873
